i r tft num fbm rl tom
0.0 0.1667 0.1667 0.1667 0.1667 0.1667 0.1667
1.0 0.1453 0.1658 0.1726 0.1726 0.1714 0.1724
2.0 0.1262 0.1643 0.1780 0.1781 0.1756 0.1777
3.0 0.1094 0.1623 0.1831 0.1833 0.1793 0.1826
4.0 0.0945 0.1599 0.1878 0.1880 0.1826 0.1871
5.0 0.0815 0.1572 0.1921 0.1923 0.1855 0.1913
6.0 0.0702 0.1541 0.1962 0.1964 0.1880 0.1952
7.0 0.0603 0.1508 0.1999 0.2001 0.1901 0.1988
8.0 0.0517 0.1473 0.2033 0.2036 0.1920 0.2021
9.0 0.0443 0.1437 0.2065 0.2068 0.1935 0.2052
10.0 0.0379 0.1400 0.2095 0.2097 0.1948 0.2080
11.0 0.0324 0.1362 0.2122 0.2125 0.1959 0.2107
12.0 0.0277 0.1324 0.2148 0.2150 0.1968 0.2132
13.0 0.0236 0.1286 0.2173 0.2175 0.1975 0.2155
14.0 0.0202 0.1248 0.2195 0.2197 0.1981 0.2177
15.0 0.0172 0.1211 0.2217 0.2218 0.1985 0.2197
16.0 0.0146 0.1173 0.2237 0.2238 0.1988 0.2216
17.0 0.0125 0.1136 0.2256 0.2257 0.1990 0.2235
18.0 0.0106 0.1100 0.2275 0.2275 0.1991 0.2252
19.0 0.0090 0.1065 0.2292 0.2293 0.1992 0.2269
20.0 0.0077 0.1030 0.2309 0.2309 0.1991 0.2284
21.0 0.0065 0.0996 0.2325 0.2325 0.1990 0.2300
22.0 0.0056 0.0963 0.2340 0.2340 0.1988 0.2314
23.0 0.0047 0.0931 0.2355 0.2354 0.1985 0.2328
24.0 0.0040 0.0900 0.2369 0.2368 0.1982 0.2341
25.0 0.0034 0.0869 0.2383 0.2381 0.1979 0.2354
26.0 0.0029 0.0839 0.2396 0.2394 0.1975 0.2367
27.0 0.0025 0.0811 0.2409 0.2407 0.1971 0.2379
28.0 0.0021 0.0783 0.2421 0.2419 0.1966 0.2391
29.0 0.0018 0.0755 0.2433 0.2431 0.1961 0.2402
30.0 0.0015 0.0729 0.2445 0.2442 0.1956 0.2413
31.0 0.0013 0.0704 0.2457 0.2453 0.1950 0.2424
32.0 0.0011 0.0679 0.2468 0.2464 0.1945 0.2434
33.0 0.0009 0.0655 0.2479 0.2474 0.1939 0.2444
34.0 0.0008 0.0632 0.2489 0.2485 0.1932 0.2454
35.0 0.0007 0.0610 0.2500 0.2494 0.1926 0.2464
36.0 0.0006 0.0588 0.2510 0.2504 0.1920 0.2473
37.0 0.0005 0.0567 0.2520 0.2514 0.1913 0.2482
38.0 0.0004 0.0547 0.2529 0.2523 0.1906 0.2491
39.0 0.0003 0.0527 0.2539 0.2532 0.1899 0.2500
40.0 0.0003 0.0508 0.2548 0.2541 0.1892 0.2508
41.0 0.0002 0.0490 0.2557 0.2550 0.1884 0.2516
42.0 0.0002 0.0472 0.2566 0.2558 0.1877 0.2525
43.0 0.0002 0.0455 0.2575 0.2566 0.1869 0.2532
44.0 0.0001 0.0439 0.2583 0.2574 0.1862 0.2540
45.0 0.0001 0.0423 0.2591 0.2582 0.1854 0.2548
46.0 0.0001 0.0408 0.2600 0.2590 0.1846 0.2555
47.0 0.0001 0.0393 0.2608 0.2598 0.1838 0.2563
48.0 0.0001 0.0379 0.2616 0.2605 0.1830 0.2570
49.0 0.0001 0.0365 0.2623 0.2612 0.1822 0.2577
50.0 0.0001 0.0351 0.2631 0.2620 0.1814 0.2583
51.0 0.0000 0.0339 0.2638 0.2627 0.1806 0.2590
52.0 0.0000 0.0326 0.2646 0.2633 0.1798 0.2597
53.0 0.0000 0.0314 0.2653 0.2640 0.1789 0.2603
54.0 0.0000 0.0303 0.2660 0.2647 0.1781 0.2610
55.0 0.0000 0.0292 0.2667 0.2653 0.1773 0.2616
56.0 0.0000 0.0281 0.2673 0.2660 0.1764 0.2622
57.0 0.0000 0.0270 0.2680 0.2666 0.1756 0.2628
58.0 0.0000 0.0260 0.2687 0.2672 0.1747 0.2634
59.0 0.0000 0.0251 0.2693 0.2678 0.1739 0.2639
60.0 0.0000 0.0242 0.2699 0.2684 0.1730 0.2645
61.0 0.0000 0.0233 0.2706 0.2690 0.1721 0.2650
62.0 0.0000 0.0224 0.2712 0.2696 0.1713 0.2656
63.0 0.0000 0.0216 0.2718 0.2701 0.1704 0.2661
64.0 0.0000 0.0208 0.2724 0.2707 0.1695 0.2667
65.0 0.0000 0.0200 0.2729 0.2712 0.1687 0.2672
66.0 0.0000 0.0193 0.2735 0.2718 0.1678 0.2677
67.0 0.0000 0.0185 0.2741 0.2723 0.1669 0.2682
68.0 0.0000 0.0178 0.2746 0.2728 0.1660 0.2687
69.0 0.0000 0.0172 0.2752 0.2733 0.1652 0.2691
70.0 0.0000 0.0165 0.2757 0.2738 0.1643 0.2696
71.0 0.0000 0.0159 0.2763 0.2743 0.1634 0.2701
72.0 0.0000 0.0153 0.2768 0.2748 0.1625 0.2705
73.0 0.0000 0.0148 0.2773 0.2753 0.1617 0.2710
74.0 0.0000 0.0142 0.2778 0.2757 0.1608 0.2714
75.0 0.0000 0.0137 0.2783 0.2762 0.1599 0.2719
76.0 0.0000 0.0132 0.2788 0.2767 0.1590 0.2723
77.0 0.0000 0.0127 0.2793 0.2771 0.1582 0.2727
78.0 0.0000 0.0122 0.2798 0.2776 0.1573 0.2732
79.0 0.0000 0.0117 0.2803 0.2780 0.1564 0.2736
80.0 0.0000 0.0113 0.2807 0.2784 0.1556 0.2740
81.0 0.0000 0.0109 0.2812 0.2789 0.1547 0.2744
82.0 0.0000 0.0105 0.2817 0.2793 0.1538 0.2748
83.0 0.0000 0.0101 0.2821 0.2797 0.1530 0.2752
84.0 0.0000 0.0097 0.2826 0.2801 0.1521 0.2755
85.0 0.0000 0.0093 0.2830 0.2805 0.1512 0.2759
86.0 0.0000 0.0090 0.2834 0.2809 0.1504 0.2763
87.0 0.0000 0.0086 0.2839 0.2813 0.1495 0.2767
88.0 0.0000 0.0083 0.2843 0.2817 0.1487 0.2770
89.0 0.0000 0.0080 0.2847 0.2821 0.1478 0.2774
90.0 0.0000 0.0077 0.2851 0.2825 0.1470 0.2777
91.0 0.0000 0.0074 0.2855 0.2828 0.1461 0.2781
92.0 0.0000 0.0071 0.2859 0.2832 0.1453 0.2784
93.0 0.0000 0.0068 0.2864 0.2836 0.1444 0.2788
94.0 0.0000 0.0066 0.2867 0.2839 0.1436 0.2791
95.0 0.0000 0.0063 0.2871 0.2843 0.1428 0.2795
96.0 0.0000 0.0061 0.2875 0.2847 0.1419 0.2798
97.0 0.0000 0.0059 0.2879 0.2850 0.1411 0.2801
98.0 0.0000 0.0056 0.2883 0.2853 0.1403 0.2804
99.0 0.0000 0.0054 0.2887 0.2857 0.1395 0.2808
100.0 0.0000 0.0052 0.2890 0.2860 0.1386 0.2811
101.0 0.0000 0.0050 0.2894 0.2864 0.1378 0.2814
102.0 0.0000 0.0048 0.2898 0.2867 0.1370 0.2817
103.0 0.0000 0.0047 0.2901 0.2870 0.1362 0.2820
104.0 0.0000 0.0045 0.2905 0.2873 0.1354 0.2823
105.0 0.0000 0.0043 0.2909 0.2877 0.1346 0.2826
106.0 0.0000 0.0041 0.2912 0.2880 0.1338 0.2829
107.0 0.0000 0.0040 0.2916 0.2883 0.1330 0.2832
108.0 0.0000 0.0038 0.2919 0.2886 0.1322 0.2835
109.0 0.0000 0.0037 0.2923 0.2889 0.1314 0.2838
110.0 0.0000 0.0035 0.2926 0.2892 0.1306 0.2840
111.0 0.0000 0.0034 0.2929 0.2895 0.1298 0.2843
112.0 0.0000 0.0033 0.2933 0.2898 0.1290 0.2846
113.0 0.0000 0.0032 0.2936 0.2901 0.1282 0.2849
114.0 0.0000 0.0030 0.2939 0.2904 0.1275 0.2852
115.0 0.0000 0.0029 0.2942 0.2907 0.1267 0.2854
116.0 0.0000 0.0028 0.2946 0.2910 0.1259 0.2857
117.0 0.0000 0.0027 0.2949 0.2913 0.1252 0.2860
118.0 0.0000 0.0026 0.2952 0.2916 0.1244 0.2862
119.0 0.0000 0.0025 0.2955 0.2919 0.1236 0.2865
120.0 0.0000 0.0024 0.2958 0.2921 0.1229 0.2867
121.0 0.0000 0.0023 0.2961 0.2924 0.1221 0.2870
122.0 0.0000 0.0022 0.2964 0.2927 0.1214 0.2873
123.0 0.0000 0.0021 0.2967 0.2930 0.1206 0.2875
124.0 0.0000 0.0021 0.2970 0.2932 0.1199 0.2878
125.0 0.0000 0.0020 0.2973 0.2935 0.1192 0.2880
126.0 0.0000 0.0019 0.2976 0.2938 0.1184 0.2883
127.0 0.0000 0.0018 0.2979 0.2940 0.1177 0.2885
128.0 0.0000 0.0018 0.2982 0.2943 0.1170 0.2887
129.0 0.0000 0.0017 0.2985 0.2946 0.1162 0.2890
130.0 0.0000 0.0016 0.2988 0.2948 0.1155 0.2892
131.0 0.0000 0.0016 0.2991 0.2951 0.1148 0.2895
132.0 0.0000 0.0015 0.2994 0.2953 0.1141 0.2897
133.0 0.0000 0.0014 0.2997 0.2956 0.1134 0.2899
134.0 0.0000 0.0014 0.2999 0.2958 0.1127 0.2901
135.0 0.0000 0.0013 0.3002 0.2961 0.1120 0.2904
136.0 0.0000 0.0013 0.3005 0.2963 0.1113 0.2906
137.0 0.0000 0.0012 0.3008 0.2966 0.1106 0.2908
138.0 0.0000 0.0012 0.3010 0.2968 0.1099 0.2911
139.0 0.0000 0.0011 0.3013 0.2971 0.1092 0.2913
140.0 0.0000 0.0011 0.3016 0.2973 0.1085 0.2915
141.0 0.0000 0.0011 0.3018 0.2975 0.1079 0.2917
142.0 0.0000 0.0010 0.3021 0.2978 0.1072 0.2919
143.0 0.0000 0.0010 0.3024 0.2980 0.1065 0.2921
144.0 0.0000 0.0009 0.3026 0.2982 0.1058 0.2924
145.0 0.0000 0.0009 0.3029 0.2985 0.1052 0.2926
146.0 0.0000 0.0009 0.3031 0.2987 0.1045 0.2928
147.0 0.0000 0.0008 0.3034 0.2989 0.1039 0.2930
148.0 0.0000 0.0008 0.3036 0.2991 0.1032 0.2932
149.0 0.0000 0.0008 0.3039 0.2994 0.1026 0.2934
150.0 0.0000 0.0007 0.3042 0.2996 0.1019 0.2936
151.0 0.0000 0.0007 0.3044 0.2998 0.1013 0.2938
152.0 0.0000 0.0007 0.3046 0.3000 0.1006 0.2940
153.0 0.0000 0.0007 0.3049 0.3002 0.1000 0.2942
154.0 0.0000 0.0006 0.3051 0.3005 0.0994 0.2944
155.0 0.0000 0.0006 0.3054 0.3007 0.0987 0.2946
156.0 0.0000 0.0006 0.3056 0.3009 0.0981 0.2948
157.0 0.0000 0.0006 0.3059 0.3011 0.0975 0.2950
158.0 0.0000 0.0005 0.3061 0.3013 0.0969 0.2952
159.0 0.0000 0.0005 0.3063 0.3015 0.0962 0.2954
160.0 0.0000 0.0005 0.3066 0.3017 0.0956 0.2956
161.0 0.0000 0.0005 0.3068 0.3019 0.0950 0.2958
162.0 0.0000 0.0005 0.3070 0.3021 0.0944 0.2960
163.0 0.0000 0.0004 0.3073 0.3023 0.0938 0.2961
164.0 0.0000 0.0004 0.3075 0.3025 0.0932 0.2963
165.0 0.0000 0.0004 0.3077 0.3027 0.0926 0.2965
166.0 0.0000 0.0004 0.3079 0.3029 0.0920 0.2967
167.0 0.0000 0.0004 0.3082 0.3031 0.0914 0.2969
168.0 0.0000 0.0004 0.3084 0.3033 0.0909 0.2971
169.0 0.0000 0.0004 0.3086 0.3035 0.0903 0.2972
170.0 0.0000 0.0003 0.3088 0.3037 0.0897 0.2974
171.0 0.0000 0.0003 0.3090 0.3039 0.0891 0.2976
172.0 0.0000 0.0003 0.3092 0.3041 0.0885 0.2978
173.0 0.0000 0.0003 0.3095 0.3043 0.0880 0.2980
174.0 0.0000 0.0003 0.3097 0.3045 0.0874 0.2981
175.0 0.0000 0.0003 0.3099 0.3047 0.0869 0.2983
176.0 0.0000 0.0003 0.3101 0.3049 0.0863 0.2985
177.0 0.0000 0.0003 0.3103 0.3051 0.0857 0.2986
178.0 0.0000 0.0002 0.3105 0.3052 0.0852 0.2988
179.0 0.0000 0.0002 0.3107 0.3054 0.0846 0.2990
180.0 0.0000 0.0002 0.3109 0.3056 0.0841 0.2991
181.0 0.0000 0.0002 0.3111 0.3058 0.0835 0.2993
182.0 0.0000 0.0002 0.3113 0.3060 0.0830 0.2995
183.0 0.0000 0.0002 0.3115 0.3061 0.0825 0.2996
184.0 0.0000 0.0002 0.3117 0.3063 0.0819 0.2998
185.0 0.0000 0.0002 0.3119 0.3065 0.0814 0.3000
186.0 0.0000 0.0002 0.3121 0.3067 0.0809 0.3001
187.0 0.0000 0.0002 0.3123 0.3068 0.0804 0.3003
188.0 0.0000 0.0002 0.3125 0.3070 0.0798 0.3004
189.0 0.0000 0.0002 0.3127 0.3072 0.0793 0.3006
190.0 0.0000 0.0002 0.3129 0.3074 0.0788 0.3008
191.0 0.0000 0.0001 0.3131 0.3075 0.0783 0.3009
192.0 0.0000 0.0001 0.3133 0.3077 0.0778 0.3011
193.0 0.0000 0.0001 0.3135 0.3079 0.0773 0.3012
194.0 0.0000 0.0001 0.3137 0.3080 0.0768 0.3014
195.0 0.0000 0.0001 0.3139 0.3082 0.0763 0.3015
196.0 0.0000 0.0001 0.3141 0.3084 0.0758 0.3017
197.0 0.0000 0.0001 0.3142 0.3085 0.0753 0.3018
198.0 0.0000 0.0001 0.3144 0.3087 0.0748 0.3020
199.0 0.0000 0.0001 0.3146 0.3089 0.0743 0.3021
200.0 0.0000 0.0001 0.3148 0.3090 0.0738 0.3023
201.0 0.0000 0.0001 0.3150 0.3092 0.0733 0.3024
202.0 0.0000 0.0001 0.3151 0.3093 0.0729 0.3026
203.0 0.0000 0.0001 0.3153 0.3095 0.0724 0.3027
204.0 0.0000 0.0001 0.3155 0.3096 0.0719 0.3029
205.0 0.0000 0.0001 0.3157 0.3098 0.0714 0.3030
206.0 0.0000 0.0001 0.3158 0.3100 0.0710 0.3031
207.0 0.0000 0.0001 0.3160 0.3101 0.0705 0.3033
208.0 0.0000 0.0001 0.3162 0.3103 0.0701 0.3034
209.0 0.0000 0.0001 0.3164 0.3104 0.0696 0.3036
210.0 0.0000 0.0001 0.3165 0.3106 0.0691 0.3037
211.0 0.0000 0.0001 0.3167 0.3107 0.0687 0.3038
212.0 0.0000 0.0001 0.3169 0.3109 0.0682 0.3040
213.0 0.0000 0.0001 0.3170 0.3110 0.0678 0.3041
214.0 0.0000 0.0001 0.3172 0.3112 0.0673 0.3042
215.0 0.0000 0.0001 0.3174 0.3113 0.0669 0.3044
216.0 0.0000 0.0001 0.3175 0.3114 0.0665 0.3045
217.0 0.0000 0.0001 0.3177 0.3116 0.0660 0.3046
218.0 0.0000 0.0001 0.3179 0.3117 0.0656 0.3048
219.0 0.0000 0.0000 0.3180 0.3119 0.0652 0.3049
220.0 0.0000 0.0000 0.3182 0.3120 0.0647 0.3050
221.0 0.0000 0.0000 0.3183 0.3122 0.0643 0.3052
222.0 0.0000 0.0000 0.3185 0.3123 0.0639 0.3053
223.0 0.0000 0.0000 0.3187 0.3124 0.0635 0.3054
224.0 0.0000 0.0000 0.3188 0.3126 0.0630 0.3055
225.0 0.0000 0.0000 0.3190 0.3127 0.0626 0.3057
226.0 0.0000 0.0000 0.3191 0.3128 0.0622 0.3058
227.0 0.0000 0.0000 0.3193 0.3130 0.0618 0.3059
228.0 0.0000 0.0000 0.3194 0.3131 0.0614 0.3060
229.0 0.0000 0.0000 0.3196 0.3132 0.0610 0.3062
230.0 0.0000 0.0000 0.3197 0.3134 0.0606 0.3063
231.0 0.0000 0.0000 0.3199 0.3135 0.0602 0.3064
232.0 0.0000 0.0000 0.3200 0.3136 0.0598 0.3065
233.0 0.0000 0.0000 0.3202 0.3138 0.0594 0.3066
234.0 0.0000 0.0000 0.3203 0.3139 0.0590 0.3068
235.0 0.0000 0.0000 0.3205 0.3140 0.0586 0.3069
236.0 0.0000 0.0000 0.3206 0.3142 0.0582 0.3070
237.0 0.0000 0.0000 0.3208 0.3143 0.0578 0.3071
238.0 0.0000 0.0000 0.3209 0.3144 0.0574 0.3072
239.0 0.0000 0.0000 0.3210 0.3145 0.0571 0.3073
240.0 0.0000 0.0000 0.3212 0.3147 0.0567 0.3074
241.0 0.0000 0.0000 0.3213 0.3148 0.0563 0.3076
242.0 0.0000 0.0000 0.3215 0.3149 0.0559 0.3077
243.0 0.0000 0.0000 0.3216 0.3150 0.0556 0.3078
244.0 0.0000 0.0000 0.3217 0.3152 0.0552 0.3079
245.0 0.0000 0.0000 0.3219 0.3153 0.0548 0.3080
246.0 0.0000 0.0000 0.3220 0.3154 0.0545 0.3081
247.0 0.0000 0.0000 0.3221 0.3155 0.0541 0.3082
248.0 0.0000 0.0000 0.3223 0.3156 0.0537 0.3083
249.0 0.0000 0.0000 0.3224 0.3157 0.0534 0.3084
