i r tft num fbm rl tom
0.0 0.1667 0.1667 0.1667 0.1667 0.1667 0.1667
1.0 0.1207 0.1220 0.1793 0.1819 0.2027 0.1934
2.0 0.0830 0.0851 0.1850 0.1920 0.2374 0.2176
3.0 0.0546 0.0569 0.1842 0.1968 0.2691 0.2383
4.0 0.0347 0.0368 0.1784 0.1972 0.2974 0.2554
5.0 0.0215 0.0233 0.1693 0.1941 0.3226 0.2693
6.0 0.0131 0.0145 0.1584 0.1885 0.3451 0.2805
7.0 0.0079 0.0089 0.1468 0.1814 0.3656 0.2895
8.0 0.0047 0.0054 0.1351 0.1733 0.3847 0.2968
9.0 0.0028 0.0033 0.1238 0.1646 0.4028 0.3026
10.0 0.0016 0.0020 0.1131 0.1558 0.4202 0.3073
11.0 0.0010 0.0012 0.1030 0.1468 0.4370 0.3110
12.0 0.0006 0.0007 0.0937 0.1380 0.4533 0.3137
13.0 0.0003 0.0004 0.0851 0.1294 0.4692 0.3156
14.0 0.0002 0.0003 0.0772 0.1210 0.4847 0.3167
15.0 0.0001 0.0002 0.0700 0.1129 0.4998 0.3171
16.0 0.0001 0.0001 0.0633 0.1051 0.5146 0.3168
17.0 0.0000 0.0001 0.0573 0.0977 0.5289 0.3159
18.0 0.0000 0.0000 0.0518 0.0907 0.5430 0.3145
19.0 0.0000 0.0000 0.0468 0.0841 0.5566 0.3125
20.0 0.0000 0.0000 0.0422 0.0778 0.5699 0.3101
21.0 0.0000 0.0000 0.0381 0.0719 0.5828 0.3072
22.0 0.0000 0.0000 0.0344 0.0664 0.5953 0.3039
23.0 0.0000 0.0000 0.0310 0.0613 0.6074 0.3003
24.0 0.0000 0.0000 0.0279 0.0565 0.6192 0.2964
25.0 0.0000 0.0000 0.0251 0.0520 0.6306 0.2923
26.0 0.0000 0.0000 0.0226 0.0478 0.6416 0.2879
27.0 0.0000 0.0000 0.0204 0.0440 0.6523 0.2833
28.0 0.0000 0.0000 0.0183 0.0404 0.6627 0.2785
29.0 0.0000 0.0000 0.0165 0.0371 0.6727 0.2737
30.0 0.0000 0.0000 0.0149 0.0341 0.6824 0.2687
31.0 0.0000 0.0000 0.0134 0.0312 0.6918 0.2636
32.0 0.0000 0.0000 0.0120 0.0286 0.7009 0.2584
33.0 0.0000 0.0000 0.0108 0.0263 0.7097 0.2532
34.0 0.0000 0.0000 0.0097 0.0241 0.7182 0.2480
35.0 0.0000 0.0000 0.0087 0.0220 0.7264 0.2428
36.0 0.0000 0.0000 0.0079 0.0202 0.7344 0.2376
37.0 0.0000 0.0000 0.0071 0.0185 0.7421 0.2323
38.0 0.0000 0.0000 0.0064 0.0169 0.7496 0.2272
39.0 0.0000 0.0000 0.0057 0.0155 0.7568 0.2220
40.0 0.0000 0.0000 0.0051 0.0142 0.7638 0.2169
41.0 0.0000 0.0000 0.0046 0.0130 0.7706 0.2119
42.0 0.0000 0.0000 0.0041 0.0119 0.7771 0.2069
43.0 0.0000 0.0000 0.0037 0.0109 0.7835 0.2019
44.0 0.0000 0.0000 0.0034 0.0099 0.7896 0.1971
45.0 0.0000 0.0000 0.0030 0.0091 0.7956 0.1923
46.0 0.0000 0.0000 0.0027 0.0083 0.8014 0.1876
47.0 0.0000 0.0000 0.0024 0.0076 0.8070 0.1830
48.0 0.0000 0.0000 0.0022 0.0070 0.8124 0.1784
49.0 0.0000 0.0000 0.0020 0.0064 0.8177 0.1740
50.0 0.0000 0.0000 0.0018 0.0058 0.8228 0.1696
51.0 0.0000 0.0000 0.0016 0.0053 0.8278 0.1653
52.0 0.0000 0.0000 0.0014 0.0049 0.8326 0.1611
53.0 0.0000 0.0000 0.0013 0.0044 0.8372 0.1570
54.0 0.0000 0.0000 0.0012 0.0041 0.8418 0.1530
55.0 0.0000 0.0000 0.0010 0.0037 0.8462 0.1491
56.0 0.0000 0.0000 0.0009 0.0034 0.8504 0.1452
57.0 0.0000 0.0000 0.0008 0.0031 0.8546 0.1415
58.0 0.0000 0.0000 0.0008 0.0028 0.8586 0.1378
59.0 0.0000 0.0000 0.0007 0.0026 0.8625 0.1342
60.0 0.0000 0.0000 0.0006 0.0024 0.8663 0.1307
61.0 0.0000 0.0000 0.0006 0.0022 0.8700 0.1273
62.0 0.0000 0.0000 0.0005 0.0020 0.8736 0.1239
63.0 0.0000 0.0000 0.0004 0.0018 0.8771 0.1207
64.0 0.0000 0.0000 0.0004 0.0017 0.8805 0.1175
65.0 0.0000 0.0000 0.0004 0.0015 0.8837 0.1144
66.0 0.0000 0.0000 0.0003 0.0014 0.8869 0.1113
67.0 0.0000 0.0000 0.0003 0.0013 0.8900 0.1084
68.0 0.0000 0.0000 0.0003 0.0012 0.8931 0.1055
69.0 0.0000 0.0000 0.0002 0.0011 0.8960 0.1027
70.0 0.0000 0.0000 0.0002 0.0010 0.8988 0.1000
71.0 0.0000 0.0000 0.0002 0.0009 0.9016 0.0973
72.0 0.0000 0.0000 0.0002 0.0008 0.9043 0.0947
73.0 0.0000 0.0000 0.0002 0.0007 0.9069 0.0922
74.0 0.0000 0.0000 0.0001 0.0007 0.9095 0.0897
75.0 0.0000 0.0000 0.0001 0.0006 0.9119 0.0873
76.0 0.0000 0.0000 0.0001 0.0006 0.9144 0.0850
77.0 0.0000 0.0000 0.0001 0.0005 0.9167 0.0827
78.0 0.0000 0.0000 0.0001 0.0005 0.9190 0.0805
79.0 0.0000 0.0000 0.0001 0.0004 0.9212 0.0783
80.0 0.0000 0.0000 0.0001 0.0004 0.9233 0.0762
81.0 0.0000 0.0000 0.0001 0.0004 0.9254 0.0741
82.0 0.0000 0.0000 0.0001 0.0003 0.9275 0.0721
83.0 0.0000 0.0000 0.0001 0.0003 0.9294 0.0702
84.0 0.0000 0.0000 0.0000 0.0003 0.9314 0.0683
85.0 0.0000 0.0000 0.0000 0.0003 0.9332 0.0665
86.0 0.0000 0.0000 0.0000 0.0002 0.9351 0.0647
87.0 0.0000 0.0000 0.0000 0.0002 0.9368 0.0629
88.0 0.0000 0.0000 0.0000 0.0002 0.9386 0.0612
89.0 0.0000 0.0000 0.0000 0.0002 0.9402 0.0595
90.0 0.0000 0.0000 0.0000 0.0002 0.9419 0.0579
91.0 0.0000 0.0000 0.0000 0.0002 0.9435 0.0564
92.0 0.0000 0.0000 0.0000 0.0001 0.9450 0.0548
93.0 0.0000 0.0000 0.0000 0.0001 0.9465 0.0534
94.0 0.0000 0.0000 0.0000 0.0001 0.9480 0.0519
95.0 0.0000 0.0000 0.0000 0.0001 0.9494 0.0505
96.0 0.0000 0.0000 0.0000 0.0001 0.9508 0.0491
97.0 0.0000 0.0000 0.0000 0.0001 0.9521 0.0478
98.0 0.0000 0.0000 0.0000 0.0001 0.9534 0.0465
99.0 0.0000 0.0000 0.0000 0.0001 0.9547 0.0452
100.0 0.0000 0.0000 0.0000 0.0001 0.9559 0.0440
101.0 0.0000 0.0000 0.0000 0.0001 0.9571 0.0428
102.0 0.0000 0.0000 0.0000 0.0001 0.9583 0.0416
103.0 0.0000 0.0000 0.0000 0.0001 0.9594 0.0405
104.0 0.0000 0.0000 0.0000 0.0000 0.9605 0.0394
105.0 0.0000 0.0000 0.0000 0.0000 0.9616 0.0383
106.0 0.0000 0.0000 0.0000 0.0000 0.9627 0.0373
107.0 0.0000 0.0000 0.0000 0.0000 0.9637 0.0363
108.0 0.0000 0.0000 0.0000 0.0000 0.9647 0.0353
109.0 0.0000 0.0000 0.0000 0.0000 0.9656 0.0343
110.0 0.0000 0.0000 0.0000 0.0000 0.9666 0.0334
111.0 0.0000 0.0000 0.0000 0.0000 0.9675 0.0325
112.0 0.0000 0.0000 0.0000 0.0000 0.9684 0.0316
113.0 0.0000 0.0000 0.0000 0.0000 0.9692 0.0307
114.0 0.0000 0.0000 0.0000 0.0000 0.9701 0.0299
115.0 0.0000 0.0000 0.0000 0.0000 0.9709 0.0291
116.0 0.0000 0.0000 0.0000 0.0000 0.9717 0.0283
117.0 0.0000 0.0000 0.0000 0.0000 0.9725 0.0275
118.0 0.0000 0.0000 0.0000 0.0000 0.9732 0.0268
119.0 0.0000 0.0000 0.0000 0.0000 0.9739 0.0260
120.0 0.0000 0.0000 0.0000 0.0000 0.9747 0.0253
121.0 0.0000 0.0000 0.0000 0.0000 0.9753 0.0246
122.0 0.0000 0.0000 0.0000 0.0000 0.9760 0.0240
123.0 0.0000 0.0000 0.0000 0.0000 0.9767 0.0233
124.0 0.0000 0.0000 0.0000 0.0000 0.9773 0.0227
125.0 0.0000 0.0000 0.0000 0.0000 0.9779 0.0221
126.0 0.0000 0.0000 0.0000 0.0000 0.9785 0.0215
127.0 0.0000 0.0000 0.0000 0.0000 0.9791 0.0209
128.0 0.0000 0.0000 0.0000 0.0000 0.9797 0.0203
129.0 0.0000 0.0000 0.0000 0.0000 0.9802 0.0197
130.0 0.0000 0.0000 0.0000 0.0000 0.9808 0.0192
131.0 0.0000 0.0000 0.0000 0.0000 0.9813 0.0187
132.0 0.0000 0.0000 0.0000 0.0000 0.9818 0.0182
133.0 0.0000 0.0000 0.0000 0.0000 0.9823 0.0177
134.0 0.0000 0.0000 0.0000 0.0000 0.9828 0.0172
135.0 0.0000 0.0000 0.0000 0.0000 0.9833 0.0167
136.0 0.0000 0.0000 0.0000 0.0000 0.9837 0.0163
137.0 0.0000 0.0000 0.0000 0.0000 0.9842 0.0158
138.0 0.0000 0.0000 0.0000 0.0000 0.9846 0.0154
139.0 0.0000 0.0000 0.0000 0.0000 0.9850 0.0150
140.0 0.0000 0.0000 0.0000 0.0000 0.9854 0.0146
141.0 0.0000 0.0000 0.0000 0.0000 0.9858 0.0142
142.0 0.0000 0.0000 0.0000 0.0000 0.9862 0.0138
143.0 0.0000 0.0000 0.0000 0.0000 0.9866 0.0134
144.0 0.0000 0.0000 0.0000 0.0000 0.9870 0.0130
145.0 0.0000 0.0000 0.0000 0.0000 0.9873 0.0127
146.0 0.0000 0.0000 0.0000 0.0000 0.9877 0.0123
147.0 0.0000 0.0000 0.0000 0.0000 0.9880 0.0120
148.0 0.0000 0.0000 0.0000 0.0000 0.9883 0.0117
149.0 0.0000 0.0000 0.0000 0.0000 0.9887 0.0113
150.0 0.0000 0.0000 0.0000 0.0000 0.9890 0.0110
151.0 0.0000 0.0000 0.0000 0.0000 0.9893 0.0107
152.0 0.0000 0.0000 0.0000 0.0000 0.9896 0.0104
153.0 0.0000 0.0000 0.0000 0.0000 0.9898 0.0102
154.0 0.0000 0.0000 0.0000 0.0000 0.9901 0.0099
155.0 0.0000 0.0000 0.0000 0.0000 0.9904 0.0096
156.0 0.0000 0.0000 0.0000 0.0000 0.9907 0.0093
157.0 0.0000 0.0000 0.0000 0.0000 0.9909 0.0091
158.0 0.0000 0.0000 0.0000 0.0000 0.9912 0.0088
159.0 0.0000 0.0000 0.0000 0.0000 0.9914 0.0086
160.0 0.0000 0.0000 0.0000 0.0000 0.9916 0.0084
161.0 0.0000 0.0000 0.0000 0.0000 0.9919 0.0081
162.0 0.0000 0.0000 0.0000 0.0000 0.9921 0.0079
163.0 0.0000 0.0000 0.0000 0.0000 0.9923 0.0077
164.0 0.0000 0.0000 0.0000 0.0000 0.9925 0.0075
165.0 0.0000 0.0000 0.0000 0.0000 0.9927 0.0073
166.0 0.0000 0.0000 0.0000 0.0000 0.9929 0.0071
167.0 0.0000 0.0000 0.0000 0.0000 0.9931 0.0069
168.0 0.0000 0.0000 0.0000 0.0000 0.9933 0.0067
169.0 0.0000 0.0000 0.0000 0.0000 0.9935 0.0065
170.0 0.0000 0.0000 0.0000 0.0000 0.9937 0.0063
171.0 0.0000 0.0000 0.0000 0.0000 0.9938 0.0062
172.0 0.0000 0.0000 0.0000 0.0000 0.9940 0.0060
173.0 0.0000 0.0000 0.0000 0.0000 0.9942 0.0058
174.0 0.0000 0.0000 0.0000 0.0000 0.9943 0.0057
175.0 0.0000 0.0000 0.0000 0.0000 0.9945 0.0055
176.0 0.0000 0.0000 0.0000 0.0000 0.9946 0.0054
177.0 0.0000 0.0000 0.0000 0.0000 0.9948 0.0052
178.0 0.0000 0.0000 0.0000 0.0000 0.9949 0.0051
179.0 0.0000 0.0000 0.0000 0.0000 0.9951 0.0049
180.0 0.0000 0.0000 0.0000 0.0000 0.9952 0.0048
181.0 0.0000 0.0000 0.0000 0.0000 0.9953 0.0047
182.0 0.0000 0.0000 0.0000 0.0000 0.9955 0.0045
183.0 0.0000 0.0000 0.0000 0.0000 0.9956 0.0044
184.0 0.0000 0.0000 0.0000 0.0000 0.9957 0.0043
185.0 0.0000 0.0000 0.0000 0.0000 0.9958 0.0042
186.0 0.0000 0.0000 0.0000 0.0000 0.9959 0.0041
187.0 0.0000 0.0000 0.0000 0.0000 0.9960 0.0040
188.0 0.0000 0.0000 0.0000 0.0000 0.9962 0.0038
189.0 0.0000 0.0000 0.0000 0.0000 0.9963 0.0037
190.0 0.0000 0.0000 0.0000 0.0000 0.9964 0.0036
191.0 0.0000 0.0000 0.0000 0.0000 0.9965 0.0035
192.0 0.0000 0.0000 0.0000 0.0000 0.9966 0.0034
193.0 0.0000 0.0000 0.0000 0.0000 0.9967 0.0033
194.0 0.0000 0.0000 0.0000 0.0000 0.9967 0.0033
195.0 0.0000 0.0000 0.0000 0.0000 0.9968 0.0032
196.0 0.0000 0.0000 0.0000 0.0000 0.9969 0.0031
197.0 0.0000 0.0000 0.0000 0.0000 0.9970 0.0030
198.0 0.0000 0.0000 0.0000 0.0000 0.9971 0.0029
199.0 0.0000 0.0000 0.0000 0.0000 0.9972 0.0028
200.0 0.0000 0.0000 0.0000 0.0000 0.9972 0.0028
201.0 0.0000 0.0000 0.0000 0.0000 0.9973 0.0027
202.0 0.0000 0.0000 0.0000 0.0000 0.9974 0.0026
203.0 0.0000 0.0000 0.0000 0.0000 0.9975 0.0025
204.0 0.0000 0.0000 0.0000 0.0000 0.9975 0.0025
205.0 0.0000 0.0000 0.0000 0.0000 0.9976 0.0024
206.0 0.0000 0.0000 0.0000 0.0000 0.9977 0.0023
207.0 0.0000 0.0000 0.0000 0.0000 0.9977 0.0023
208.0 0.0000 0.0000 0.0000 0.0000 0.9978 0.0022
209.0 0.0000 0.0000 0.0000 0.0000 0.9979 0.0021
210.0 0.0000 0.0000 0.0000 0.0000 0.9979 0.0021
211.0 0.0000 0.0000 0.0000 0.0000 0.9980 0.0020
212.0 0.0000 0.0000 0.0000 0.0000 0.9980 0.0020
213.0 0.0000 0.0000 0.0000 0.0000 0.9981 0.0019
214.0 0.0000 0.0000 0.0000 0.0000 0.9981 0.0019
215.0 0.0000 0.0000 0.0000 0.0000 0.9982 0.0018
216.0 0.0000 0.0000 0.0000 0.0000 0.9982 0.0018
217.0 0.0000 0.0000 0.0000 0.0000 0.9983 0.0017
218.0 0.0000 0.0000 0.0000 0.0000 0.9983 0.0017
219.0 0.0000 0.0000 0.0000 0.0000 0.9984 0.0016
220.0 0.0000 0.0000 0.0000 0.0000 0.9984 0.0016
221.0 0.0000 0.0000 0.0000 0.0000 0.9985 0.0015
222.0 0.0000 0.0000 0.0000 0.0000 0.9985 0.0015
223.0 0.0000 0.0000 0.0000 0.0000 0.9985 0.0015
224.0 0.0000 0.0000 0.0000 0.0000 0.9986 0.0014
225.0 0.0000 0.0000 0.0000 0.0000 0.9986 0.0014
226.0 0.0000 0.0000 0.0000 0.0000 0.9987 0.0013
227.0 0.0000 0.0000 0.0000 0.0000 0.9987 0.0013
228.0 0.0000 0.0000 0.0000 0.0000 0.9987 0.0013
229.0 0.0000 0.0000 0.0000 0.0000 0.9988 0.0012
230.0 0.0000 0.0000 0.0000 0.0000 0.9988 0.0012
231.0 0.0000 0.0000 0.0000 0.0000 0.9988 0.0012
232.0 0.0000 0.0000 0.0000 0.0000 0.9989 0.0011
233.0 0.0000 0.0000 0.0000 0.0000 0.9989 0.0011
234.0 0.0000 0.0000 0.0000 0.0000 0.9989 0.0011
235.0 0.0000 0.0000 0.0000 0.0000 0.9990 0.0010
236.0 0.0000 0.0000 0.0000 0.0000 0.9990 0.0010
237.0 0.0000 0.0000 0.0000 0.0000 0.9990 0.0010
238.0 0.0000 0.0000 0.0000 0.0000 0.9990 0.0010
239.0 0.0000 0.0000 0.0000 0.0000 0.9991 0.0009
240.0 0.0000 0.0000 0.0000 0.0000 0.9991 0.0009
241.0 0.0000 0.0000 0.0000 0.0000 0.9991 0.0009
242.0 0.0000 0.0000 0.0000 0.0000 0.9991 0.0009
243.0 0.0000 0.0000 0.0000 0.0000 0.9992 0.0008
244.0 0.0000 0.0000 0.0000 0.0000 0.9992 0.0008
245.0 0.0000 0.0000 0.0000 0.0000 0.9992 0.0008
246.0 0.0000 0.0000 0.0000 0.0000 0.9992 0.0008
247.0 0.0000 0.0000 0.0000 0.0000 0.9993 0.0007
248.0 0.0000 0.0000 0.0000 0.0000 0.9993 0.0007
249.0 0.0000 0.0000 0.0000 0.0000 0.9993 0.0007
