i r tft rl num fbm tom
0.0 0.1667 0.1667 0.1667 0.1667 0.1667 0.1667
1.0 0.1349 0.1338 0.1342 0.1958 0.1977 0.2036
2.0 0.1040 0.1023 0.1030 0.2209 0.2282 0.2416
3.0 0.0764 0.0745 0.0753 0.2394 0.2562 0.2782
4.0 0.0536 0.0519 0.0526 0.2499 0.2803 0.3116
5.0 0.0362 0.0348 0.0354 0.2528 0.2999 0.3408
6.0 0.0238 0.0227 0.0231 0.2496 0.3152 0.3657
7.0 0.0152 0.0144 0.0147 0.2419 0.3270 0.3867
8.0 0.0096 0.0091 0.0093 0.2316 0.3359 0.4046
9.0 0.0060 0.0056 0.0058 0.2197 0.3428 0.4200
10.0 0.0037 0.0035 0.0036 0.2073 0.3482 0.4337
11.0 0.0023 0.0021 0.0022 0.1948 0.3525 0.4460
12.0 0.0014 0.0013 0.0013 0.1826 0.3560 0.4572
13.0 0.0009 0.0008 0.0008 0.1709 0.3589 0.4677
14.0 0.0005 0.0005 0.0005 0.1597 0.3614 0.4774
15.0 0.0003 0.0003 0.0003 0.1491 0.3634 0.4866
16.0 0.0002 0.0002 0.0002 0.1391 0.3651 0.4952
17.0 0.0001 0.0001 0.0001 0.1297 0.3665 0.5034
18.0 0.0001 0.0001 0.0001 0.1209 0.3677 0.5112
19.0 0.0000 0.0000 0.0000 0.1127 0.3687 0.5185
20.0 0.0000 0.0000 0.0000 0.1049 0.3694 0.5256
21.0 0.0000 0.0000 0.0000 0.0977 0.3700 0.5322
22.0 0.0000 0.0000 0.0000 0.0910 0.3704 0.5386
23.0 0.0000 0.0000 0.0000 0.0846 0.3707 0.5447
24.0 0.0000 0.0000 0.0000 0.0788 0.3708 0.5504
25.0 0.0000 0.0000 0.0000 0.0733 0.3708 0.5559
26.0 0.0000 0.0000 0.0000 0.0681 0.3707 0.5612
27.0 0.0000 0.0000 0.0000 0.0634 0.3704 0.5662
28.0 0.0000 0.0000 0.0000 0.0589 0.3701 0.5710
29.0 0.0000 0.0000 0.0000 0.0548 0.3697 0.5756
30.0 0.0000 0.0000 0.0000 0.0509 0.3691 0.5800
31.0 0.0000 0.0000 0.0000 0.0473 0.3685 0.5841
32.0 0.0000 0.0000 0.0000 0.0440 0.3679 0.5882
33.0 0.0000 0.0000 0.0000 0.0409 0.3671 0.5920
34.0 0.0000 0.0000 0.0000 0.0380 0.3663 0.5957
35.0 0.0000 0.0000 0.0000 0.0353 0.3654 0.5993
36.0 0.0000 0.0000 0.0000 0.0328 0.3645 0.6027
37.0 0.0000 0.0000 0.0000 0.0304 0.3636 0.6060
38.0 0.0000 0.0000 0.0000 0.0283 0.3626 0.6092
39.0 0.0000 0.0000 0.0000 0.0262 0.3615 0.6123
40.0 0.0000 0.0000 0.0000 0.0244 0.3604 0.6152
41.0 0.0000 0.0000 0.0000 0.0226 0.3593 0.6181
42.0 0.0000 0.0000 0.0000 0.0210 0.3581 0.6209
43.0 0.0000 0.0000 0.0000 0.0195 0.3570 0.6235
44.0 0.0000 0.0000 0.0000 0.0181 0.3557 0.6262
45.0 0.0000 0.0000 0.0000 0.0168 0.3545 0.6287
46.0 0.0000 0.0000 0.0000 0.0156 0.3532 0.6312
47.0 0.0000 0.0000 0.0000 0.0145 0.3520 0.6336
48.0 0.0000 0.0000 0.0000 0.0134 0.3507 0.6359
49.0 0.0000 0.0000 0.0000 0.0125 0.3493 0.6382
50.0 0.0000 0.0000 0.0000 0.0116 0.3480 0.6404
51.0 0.0000 0.0000 0.0000 0.0107 0.3467 0.6426
52.0 0.0000 0.0000 0.0000 0.0100 0.3453 0.6448
53.0 0.0000 0.0000 0.0000 0.0092 0.3439 0.6469
54.0 0.0000 0.0000 0.0000 0.0086 0.3425 0.6489
55.0 0.0000 0.0000 0.0000 0.0079 0.3411 0.6509
56.0 0.0000 0.0000 0.0000 0.0074 0.3397 0.6529
57.0 0.0000 0.0000 0.0000 0.0068 0.3383 0.6549
58.0 0.0000 0.0000 0.0000 0.0063 0.3369 0.6568
59.0 0.0000 0.0000 0.0000 0.0059 0.3355 0.6587
60.0 0.0000 0.0000 0.0000 0.0055 0.3340 0.6605
61.0 0.0000 0.0000 0.0000 0.0051 0.3326 0.6624
62.0 0.0000 0.0000 0.0000 0.0047 0.3311 0.6642
63.0 0.0000 0.0000 0.0000 0.0044 0.3297 0.6660
64.0 0.0000 0.0000 0.0000 0.0040 0.3282 0.6677
65.0 0.0000 0.0000 0.0000 0.0037 0.3268 0.6695
66.0 0.0000 0.0000 0.0000 0.0035 0.3253 0.6712
67.0 0.0000 0.0000 0.0000 0.0032 0.3239 0.6729
68.0 0.0000 0.0000 0.0000 0.0030 0.3224 0.6746
69.0 0.0000 0.0000 0.0000 0.0028 0.3209 0.6763
70.0 0.0000 0.0000 0.0000 0.0026 0.3195 0.6780
71.0 0.0000 0.0000 0.0000 0.0024 0.3180 0.6796
72.0 0.0000 0.0000 0.0000 0.0022 0.3165 0.6813
73.0 0.0000 0.0000 0.0000 0.0020 0.3151 0.6829
74.0 0.0000 0.0000 0.0000 0.0019 0.3136 0.6845
75.0 0.0000 0.0000 0.0000 0.0018 0.3121 0.6861
76.0 0.0000 0.0000 0.0000 0.0016 0.3107 0.6877
77.0 0.0000 0.0000 0.0000 0.0015 0.3092 0.6893
78.0 0.0000 0.0000 0.0000 0.0014 0.3077 0.6909
79.0 0.0000 0.0000 0.0000 0.0013 0.3063 0.6924
80.0 0.0000 0.0000 0.0000 0.0012 0.3048 0.6940
81.0 0.0000 0.0000 0.0000 0.0011 0.3033 0.6955
82.0 0.0000 0.0000 0.0000 0.0010 0.3019 0.6971
83.0 0.0000 0.0000 0.0000 0.0010 0.3004 0.6986
84.0 0.0000 0.0000 0.0000 0.0009 0.2990 0.7002
85.0 0.0000 0.0000 0.0000 0.0008 0.2975 0.7017
86.0 0.0000 0.0000 0.0000 0.0008 0.2961 0.7032
87.0 0.0000 0.0000 0.0000 0.0007 0.2946 0.7047
88.0 0.0000 0.0000 0.0000 0.0006 0.2932 0.7062
89.0 0.0000 0.0000 0.0000 0.0006 0.2917 0.7077
90.0 0.0000 0.0000 0.0000 0.0006 0.2903 0.7092
91.0 0.0000 0.0000 0.0000 0.0005 0.2888 0.7107
92.0 0.0000 0.0000 0.0000 0.0005 0.2874 0.7121
93.0 0.0000 0.0000 0.0000 0.0004 0.2859 0.7136
94.0 0.0000 0.0000 0.0000 0.0004 0.2845 0.7151
95.0 0.0000 0.0000 0.0000 0.0004 0.2831 0.7165
96.0 0.0000 0.0000 0.0000 0.0004 0.2816 0.7180
97.0 0.0000 0.0000 0.0000 0.0003 0.2802 0.7195
98.0 0.0000 0.0000 0.0000 0.0003 0.2788 0.7209
99.0 0.0000 0.0000 0.0000 0.0003 0.2774 0.7223
100.0 0.0000 0.0000 0.0000 0.0003 0.2760 0.7238
101.0 0.0000 0.0000 0.0000 0.0002 0.2745 0.7252
102.0 0.0000 0.0000 0.0000 0.0002 0.2731 0.7266
103.0 0.0000 0.0000 0.0000 0.0002 0.2717 0.7281
104.0 0.0000 0.0000 0.0000 0.0002 0.2703 0.7295
105.0 0.0000 0.0000 0.0000 0.0002 0.2689 0.7309
106.0 0.0000 0.0000 0.0000 0.0002 0.2675 0.7323
107.0 0.0000 0.0000 0.0000 0.0001 0.2661 0.7337
108.0 0.0000 0.0000 0.0000 0.0001 0.2647 0.7351
109.0 0.0000 0.0000 0.0000 0.0001 0.2633 0.7365
110.0 0.0000 0.0000 0.0000 0.0001 0.2620 0.7379
111.0 0.0000 0.0000 0.0000 0.0001 0.2606 0.7393
112.0 0.0000 0.0000 0.0000 0.0001 0.2592 0.7407
113.0 0.0000 0.0000 0.0000 0.0001 0.2578 0.7421
114.0 0.0000 0.0000 0.0000 0.0001 0.2565 0.7435
115.0 0.0000 0.0000 0.0000 0.0001 0.2551 0.7448
116.0 0.0000 0.0000 0.0000 0.0001 0.2537 0.7462
117.0 0.0000 0.0000 0.0000 0.0001 0.2524 0.7476
118.0 0.0000 0.0000 0.0000 0.0001 0.2510 0.7489
119.0 0.0000 0.0000 0.0000 0.0001 0.2497 0.7503
120.0 0.0000 0.0000 0.0000 0.0001 0.2483 0.7516
121.0 0.0000 0.0000 0.0000 0.0001 0.2470 0.7530
122.0 0.0000 0.0000 0.0000 0.0000 0.2456 0.7543
123.0 0.0000 0.0000 0.0000 0.0000 0.2443 0.7557
124.0 0.0000 0.0000 0.0000 0.0000 0.2430 0.7570
125.0 0.0000 0.0000 0.0000 0.0000 0.2416 0.7583
126.0 0.0000 0.0000 0.0000 0.0000 0.2403 0.7597
127.0 0.0000 0.0000 0.0000 0.0000 0.2390 0.7610
128.0 0.0000 0.0000 0.0000 0.0000 0.2377 0.7623
129.0 0.0000 0.0000 0.0000 0.0000 0.2364 0.7636
130.0 0.0000 0.0000 0.0000 0.0000 0.2350 0.7649
131.0 0.0000 0.0000 0.0000 0.0000 0.2337 0.7662
132.0 0.0000 0.0000 0.0000 0.0000 0.2324 0.7675
133.0 0.0000 0.0000 0.0000 0.0000 0.2311 0.7688
134.0 0.0000 0.0000 0.0000 0.0000 0.2298 0.7701
135.0 0.0000 0.0000 0.0000 0.0000 0.2286 0.7714
136.0 0.0000 0.0000 0.0000 0.0000 0.2273 0.7727
137.0 0.0000 0.0000 0.0000 0.0000 0.2260 0.7740
138.0 0.0000 0.0000 0.0000 0.0000 0.2247 0.7753
139.0 0.0000 0.0000 0.0000 0.0000 0.2234 0.7765
140.0 0.0000 0.0000 0.0000 0.0000 0.2222 0.7778
141.0 0.0000 0.0000 0.0000 0.0000 0.2209 0.7791
142.0 0.0000 0.0000 0.0000 0.0000 0.2197 0.7803
143.0 0.0000 0.0000 0.0000 0.0000 0.2184 0.7816
144.0 0.0000 0.0000 0.0000 0.0000 0.2172 0.7828
145.0 0.0000 0.0000 0.0000 0.0000 0.2159 0.7841
146.0 0.0000 0.0000 0.0000 0.0000 0.2147 0.7853
147.0 0.0000 0.0000 0.0000 0.0000 0.2134 0.7866
148.0 0.0000 0.0000 0.0000 0.0000 0.2122 0.7878
149.0 0.0000 0.0000 0.0000 0.0000 0.2110 0.7890
150.0 0.0000 0.0000 0.0000 0.0000 0.2097 0.7903
151.0 0.0000 0.0000 0.0000 0.0000 0.2085 0.7915
152.0 0.0000 0.0000 0.0000 0.0000 0.2073 0.7927
153.0 0.0000 0.0000 0.0000 0.0000 0.2061 0.7939
154.0 0.0000 0.0000 0.0000 0.0000 0.2049 0.7951
155.0 0.0000 0.0000 0.0000 0.0000 0.2037 0.7963
156.0 0.0000 0.0000 0.0000 0.0000 0.2025 0.7975
157.0 0.0000 0.0000 0.0000 0.0000 0.2013 0.7987
158.0 0.0000 0.0000 0.0000 0.0000 0.2001 0.7999
159.0 0.0000 0.0000 0.0000 0.0000 0.1989 0.8011
160.0 0.0000 0.0000 0.0000 0.0000 0.1977 0.8023
161.0 0.0000 0.0000 0.0000 0.0000 0.1966 0.8034
162.0 0.0000 0.0000 0.0000 0.0000 0.1954 0.8046
163.0 0.0000 0.0000 0.0000 0.0000 0.1942 0.8058
164.0 0.0000 0.0000 0.0000 0.0000 0.1931 0.8069
165.0 0.0000 0.0000 0.0000 0.0000 0.1919 0.8081
166.0 0.0000 0.0000 0.0000 0.0000 0.1908 0.8092
167.0 0.0000 0.0000 0.0000 0.0000 0.1896 0.8104
168.0 0.0000 0.0000 0.0000 0.0000 0.1885 0.8115
169.0 0.0000 0.0000 0.0000 0.0000 0.1873 0.8127
170.0 0.0000 0.0000 0.0000 0.0000 0.1862 0.8138
171.0 0.0000 0.0000 0.0000 0.0000 0.1851 0.8149
172.0 0.0000 0.0000 0.0000 0.0000 0.1839 0.8161
173.0 0.0000 0.0000 0.0000 0.0000 0.1828 0.8172
174.0 0.0000 0.0000 0.0000 0.0000 0.1817 0.8183
175.0 0.0000 0.0000 0.0000 0.0000 0.1806 0.8194
176.0 0.0000 0.0000 0.0000 0.0000 0.1795 0.8205
177.0 0.0000 0.0000 0.0000 0.0000 0.1784 0.8216
178.0 0.0000 0.0000 0.0000 0.0000 0.1773 0.8227
179.0 0.0000 0.0000 0.0000 0.0000 0.1762 0.8238
180.0 0.0000 0.0000 0.0000 0.0000 0.1751 0.8249
181.0 0.0000 0.0000 0.0000 0.0000 0.1740 0.8260
182.0 0.0000 0.0000 0.0000 0.0000 0.1729 0.8271
183.0 0.0000 0.0000 0.0000 0.0000 0.1719 0.8281
184.0 0.0000 0.0000 0.0000 0.0000 0.1708 0.8292
185.0 0.0000 0.0000 0.0000 0.0000 0.1697 0.8303
186.0 0.0000 0.0000 0.0000 0.0000 0.1687 0.8313
187.0 0.0000 0.0000 0.0000 0.0000 0.1676 0.8324
188.0 0.0000 0.0000 0.0000 0.0000 0.1666 0.8334
189.0 0.0000 0.0000 0.0000 0.0000 0.1655 0.8345
190.0 0.0000 0.0000 0.0000 0.0000 0.1645 0.8355
191.0 0.0000 0.0000 0.0000 0.0000 0.1634 0.8366
192.0 0.0000 0.0000 0.0000 0.0000 0.1624 0.8376
193.0 0.0000 0.0000 0.0000 0.0000 0.1614 0.8386
194.0 0.0000 0.0000 0.0000 0.0000 0.1604 0.8396
195.0 0.0000 0.0000 0.0000 0.0000 0.1593 0.8407
196.0 0.0000 0.0000 0.0000 0.0000 0.1583 0.8417
197.0 0.0000 0.0000 0.0000 0.0000 0.1573 0.8427
198.0 0.0000 0.0000 0.0000 0.0000 0.1563 0.8437
199.0 0.0000 0.0000 0.0000 0.0000 0.1553 0.8447
200.0 0.0000 0.0000 0.0000 0.0000 0.1543 0.8457
201.0 0.0000 0.0000 0.0000 0.0000 0.1533 0.8467
202.0 0.0000 0.0000 0.0000 0.0000 0.1524 0.8476
203.0 0.0000 0.0000 0.0000 0.0000 0.1514 0.8486
204.0 0.0000 0.0000 0.0000 0.0000 0.1504 0.8496
205.0 0.0000 0.0000 0.0000 0.0000 0.1494 0.8506
206.0 0.0000 0.0000 0.0000 0.0000 0.1485 0.8515
207.0 0.0000 0.0000 0.0000 0.0000 0.1475 0.8525
208.0 0.0000 0.0000 0.0000 0.0000 0.1465 0.8535
209.0 0.0000 0.0000 0.0000 0.0000 0.1456 0.8544
210.0 0.0000 0.0000 0.0000 0.0000 0.1446 0.8554
211.0 0.0000 0.0000 0.0000 0.0000 0.1437 0.8563
212.0 0.0000 0.0000 0.0000 0.0000 0.1428 0.8572
213.0 0.0000 0.0000 0.0000 0.0000 0.1418 0.8582
214.0 0.0000 0.0000 0.0000 0.0000 0.1409 0.8591
215.0 0.0000 0.0000 0.0000 0.0000 0.1400 0.8600
216.0 0.0000 0.0000 0.0000 0.0000 0.1391 0.8609
217.0 0.0000 0.0000 0.0000 0.0000 0.1381 0.8619
218.0 0.0000 0.0000 0.0000 0.0000 0.1372 0.8628
219.0 0.0000 0.0000 0.0000 0.0000 0.1363 0.8637
220.0 0.0000 0.0000 0.0000 0.0000 0.1354 0.8646
221.0 0.0000 0.0000 0.0000 0.0000 0.1345 0.8655
222.0 0.0000 0.0000 0.0000 0.0000 0.1336 0.8664
223.0 0.0000 0.0000 0.0000 0.0000 0.1327 0.8673
224.0 0.0000 0.0000 0.0000 0.0000 0.1319 0.8681
225.0 0.0000 0.0000 0.0000 0.0000 0.1310 0.8690
226.0 0.0000 0.0000 0.0000 0.0000 0.1301 0.8699
227.0 0.0000 0.0000 0.0000 0.0000 0.1292 0.8708
228.0 0.0000 0.0000 0.0000 0.0000 0.1284 0.8716
229.0 0.0000 0.0000 0.0000 0.0000 0.1275 0.8725
230.0 0.0000 0.0000 0.0000 0.0000 0.1267 0.8733
231.0 0.0000 0.0000 0.0000 0.0000 0.1258 0.8742
232.0 0.0000 0.0000 0.0000 0.0000 0.1250 0.8750
233.0 0.0000 0.0000 0.0000 0.0000 0.1241 0.8759
234.0 0.0000 0.0000 0.0000 0.0000 0.1233 0.8767
235.0 0.0000 0.0000 0.0000 0.0000 0.1225 0.8775
236.0 0.0000 0.0000 0.0000 0.0000 0.1216 0.8784
237.0 0.0000 0.0000 0.0000 0.0000 0.1208 0.8792
238.0 0.0000 0.0000 0.0000 0.0000 0.1200 0.8800
239.0 0.0000 0.0000 0.0000 0.0000 0.1192 0.8808
240.0 0.0000 0.0000 0.0000 0.0000 0.1184 0.8816
241.0 0.0000 0.0000 0.0000 0.0000 0.1175 0.8825
242.0 0.0000 0.0000 0.0000 0.0000 0.1167 0.8833
243.0 0.0000 0.0000 0.0000 0.0000 0.1160 0.8840
244.0 0.0000 0.0000 0.0000 0.0000 0.1152 0.8848
245.0 0.0000 0.0000 0.0000 0.0000 0.1144 0.8856
246.0 0.0000 0.0000 0.0000 0.0000 0.1136 0.8864
247.0 0.0000 0.0000 0.0000 0.0000 0.1128 0.8872
248.0 0.0000 0.0000 0.0000 0.0000 0.1120 0.8880
249.0 0.0000 0.0000 0.0000 0.0000 0.1113 0.8887
