i r tft num fbm rl tom
0.0 0.1667 0.1667 0.1667 0.1667 0.1667 0.1667
1.0 0.1234 0.1312 0.1828 0.1881 0.1863 0.1882
2.0 0.0879 0.0993 0.1942 0.2077 0.2031 0.2078
3.0 0.0605 0.0726 0.2006 0.2248 0.2166 0.2249
4.0 0.0404 0.0516 0.2023 0.2393 0.2269 0.2395
5.0 0.0264 0.0359 0.2004 0.2514 0.2342 0.2516
6.0 0.0170 0.0245 0.1959 0.2615 0.2392 0.2618
7.0 0.0108 0.0166 0.1897 0.2700 0.2425 0.2704
8.0 0.0068 0.0111 0.1824 0.2773 0.2445 0.2779
9.0 0.0043 0.0074 0.1746 0.2837 0.2456 0.2844
10.0 0.0027 0.0049 0.1666 0.2895 0.2460 0.2903
11.0 0.0017 0.0033 0.1586 0.2948 0.2460 0.2957
12.0 0.0010 0.0022 0.1508 0.2996 0.2457 0.3007
13.0 0.0006 0.0014 0.1432 0.3042 0.2452 0.3054
14.0 0.0004 0.0009 0.1358 0.3085 0.2445 0.3098
15.0 0.0002 0.0006 0.1288 0.3126 0.2436 0.3141
16.0 0.0002 0.0004 0.1220 0.3166 0.2427 0.3182
17.0 0.0001 0.0003 0.1156 0.3203 0.2417 0.3221
18.0 0.0001 0.0002 0.1095 0.3239 0.2406 0.3258
19.0 0.0000 0.0001 0.1036 0.3274 0.2394 0.3294
20.0 0.0000 0.0001 0.0981 0.3307 0.2382 0.3329
21.0 0.0000 0.0000 0.0928 0.3339 0.2370 0.3362
22.0 0.0000 0.0000 0.0878 0.3370 0.2357 0.3395
23.0 0.0000 0.0000 0.0831 0.3399 0.2344 0.3426
24.0 0.0000 0.0000 0.0786 0.3428 0.2330 0.3456
25.0 0.0000 0.0000 0.0743 0.3455 0.2317 0.3485
26.0 0.0000 0.0000 0.0702 0.3482 0.2303 0.3513
27.0 0.0000 0.0000 0.0664 0.3507 0.2289 0.3540
28.0 0.0000 0.0000 0.0628 0.3532 0.2274 0.3566
29.0 0.0000 0.0000 0.0593 0.3556 0.2260 0.3591
30.0 0.0000 0.0000 0.0561 0.3578 0.2245 0.3616
31.0 0.0000 0.0000 0.0530 0.3600 0.2231 0.3639
32.0 0.0000 0.0000 0.0501 0.3621 0.2216 0.3662
33.0 0.0000 0.0000 0.0473 0.3642 0.2201 0.3684
34.0 0.0000 0.0000 0.0447 0.3662 0.2186 0.3706
35.0 0.0000 0.0000 0.0422 0.3681 0.2171 0.3726
36.0 0.0000 0.0000 0.0399 0.3699 0.2156 0.3746
37.0 0.0000 0.0000 0.0376 0.3717 0.2141 0.3766
38.0 0.0000 0.0000 0.0355 0.3734 0.2126 0.3785
39.0 0.0000 0.0000 0.0336 0.3750 0.2111 0.3803
40.0 0.0000 0.0000 0.0317 0.3766 0.2096 0.3821
41.0 0.0000 0.0000 0.0299 0.3782 0.2081 0.3838
42.0 0.0000 0.0000 0.0283 0.3797 0.2066 0.3854
43.0 0.0000 0.0000 0.0267 0.3811 0.2051 0.3871
44.0 0.0000 0.0000 0.0252 0.3825 0.2037 0.3886
45.0 0.0000 0.0000 0.0238 0.3839 0.2022 0.3902
46.0 0.0000 0.0000 0.0224 0.3852 0.2007 0.3917
47.0 0.0000 0.0000 0.0212 0.3865 0.1992 0.3931
48.0 0.0000 0.0000 0.0200 0.3877 0.1978 0.3945
49.0 0.0000 0.0000 0.0189 0.3889 0.1963 0.3959
50.0 0.0000 0.0000 0.0178 0.3901 0.1949 0.3972
51.0 0.0000 0.0000 0.0168 0.3912 0.1934 0.3986
52.0 0.0000 0.0000 0.0159 0.3923 0.1920 0.3998
53.0 0.0000 0.0000 0.0150 0.3934 0.1906 0.4011
54.0 0.0000 0.0000 0.0141 0.3944 0.1891 0.4023
55.0 0.0000 0.0000 0.0133 0.3954 0.1877 0.4035
56.0 0.0000 0.0000 0.0126 0.3964 0.1863 0.4046
57.0 0.0000 0.0000 0.0119 0.3974 0.1849 0.4058
58.0 0.0000 0.0000 0.0112 0.3983 0.1836 0.4069
59.0 0.0000 0.0000 0.0106 0.3992 0.1822 0.4080
60.0 0.0000 0.0000 0.0100 0.4001 0.1808 0.4091
61.0 0.0000 0.0000 0.0094 0.4010 0.1795 0.4101
62.0 0.0000 0.0000 0.0089 0.4019 0.1781 0.4111
63.0 0.0000 0.0000 0.0084 0.4027 0.1768 0.4121
64.0 0.0000 0.0000 0.0079 0.4035 0.1755 0.4131
65.0 0.0000 0.0000 0.0075 0.4043 0.1741 0.4141
66.0 0.0000 0.0000 0.0071 0.4051 0.1728 0.4150
67.0 0.0000 0.0000 0.0067 0.4058 0.1715 0.4160
68.0 0.0000 0.0000 0.0063 0.4066 0.1703 0.4169
69.0 0.0000 0.0000 0.0059 0.4073 0.1690 0.4178
70.0 0.0000 0.0000 0.0056 0.4080 0.1677 0.4187
71.0 0.0000 0.0000 0.0053 0.4087 0.1665 0.4196
72.0 0.0000 0.0000 0.0050 0.4094 0.1652 0.4204
73.0 0.0000 0.0000 0.0047 0.4101 0.1640 0.4213
74.0 0.0000 0.0000 0.0044 0.4107 0.1627 0.4221
75.0 0.0000 0.0000 0.0042 0.4114 0.1615 0.4229
76.0 0.0000 0.0000 0.0039 0.4120 0.1603 0.4237
77.0 0.0000 0.0000 0.0037 0.4126 0.1591 0.4245
78.0 0.0000 0.0000 0.0035 0.4132 0.1579 0.4253
79.0 0.0000 0.0000 0.0033 0.4138 0.1568 0.4261
80.0 0.0000 0.0000 0.0031 0.4144 0.1556 0.4269
81.0 0.0000 0.0000 0.0029 0.4150 0.1544 0.4276
82.0 0.0000 0.0000 0.0028 0.4156 0.1533 0.4284
83.0 0.0000 0.0000 0.0026 0.4161 0.1521 0.4291
84.0 0.0000 0.0000 0.0025 0.4167 0.1510 0.4298
85.0 0.0000 0.0000 0.0023 0.4172 0.1499 0.4306
86.0 0.0000 0.0000 0.0022 0.4178 0.1488 0.4313
87.0 0.0000 0.0000 0.0021 0.4183 0.1477 0.4320
88.0 0.0000 0.0000 0.0020 0.4188 0.1466 0.4327
89.0 0.0000 0.0000 0.0019 0.4193 0.1455 0.4333
90.0 0.0000 0.0000 0.0017 0.4198 0.1444 0.4340
91.0 0.0000 0.0000 0.0016 0.4203 0.1433 0.4347
92.0 0.0000 0.0000 0.0016 0.4208 0.1423 0.4354
93.0 0.0000 0.0000 0.0015 0.4213 0.1412 0.4360
94.0 0.0000 0.0000 0.0014 0.4217 0.1402 0.4367
95.0 0.0000 0.0000 0.0013 0.4222 0.1392 0.4373
96.0 0.0000 0.0000 0.0012 0.4227 0.1381 0.4380
97.0 0.0000 0.0000 0.0012 0.4231 0.1371 0.4386
98.0 0.0000 0.0000 0.0011 0.4236 0.1361 0.4392
99.0 0.0000 0.0000 0.0010 0.4240 0.1351 0.4398
100.0 0.0000 0.0000 0.0010 0.4244 0.1341 0.4404
101.0 0.0000 0.0000 0.0009 0.4249 0.1332 0.4410
102.0 0.0000 0.0000 0.0009 0.4253 0.1322 0.4416
103.0 0.0000 0.0000 0.0008 0.4257 0.1312 0.4422
104.0 0.0000 0.0000 0.0008 0.4261 0.1303 0.4428
105.0 0.0000 0.0000 0.0007 0.4265 0.1293 0.4434
106.0 0.0000 0.0000 0.0007 0.4269 0.1284 0.4440
107.0 0.0000 0.0000 0.0006 0.4273 0.1274 0.4446
108.0 0.0000 0.0000 0.0006 0.4277 0.1265 0.4451
109.0 0.0000 0.0000 0.0006 0.4281 0.1256 0.4457
110.0 0.0000 0.0000 0.0005 0.4285 0.1247 0.4463
111.0 0.0000 0.0000 0.0005 0.4289 0.1238 0.4468
112.0 0.0000 0.0000 0.0005 0.4293 0.1229 0.4474
113.0 0.0000 0.0000 0.0005 0.4296 0.1220 0.4479
114.0 0.0000 0.0000 0.0004 0.4300 0.1211 0.4485
115.0 0.0000 0.0000 0.0004 0.4303 0.1203 0.4490
116.0 0.0000 0.0000 0.0004 0.4307 0.1194 0.4495
117.0 0.0000 0.0000 0.0004 0.4311 0.1185 0.4501
118.0 0.0000 0.0000 0.0003 0.4314 0.1177 0.4506
119.0 0.0000 0.0000 0.0003 0.4317 0.1168 0.4511
120.0 0.0000 0.0000 0.0003 0.4321 0.1160 0.4516
121.0 0.0000 0.0000 0.0003 0.4324 0.1152 0.4521
122.0 0.0000 0.0000 0.0003 0.4327 0.1143 0.4526
123.0 0.0000 0.0000 0.0003 0.4331 0.1135 0.4531
124.0 0.0000 0.0000 0.0002 0.4334 0.1127 0.4536
125.0 0.0000 0.0000 0.0002 0.4337 0.1119 0.4541
126.0 0.0000 0.0000 0.0002 0.4340 0.1111 0.4546
127.0 0.0000 0.0000 0.0002 0.4343 0.1103 0.4551
128.0 0.0000 0.0000 0.0002 0.4347 0.1095 0.4556
129.0 0.0000 0.0000 0.0002 0.4350 0.1088 0.4561
130.0 0.0000 0.0000 0.0002 0.4353 0.1080 0.4566
131.0 0.0000 0.0000 0.0002 0.4356 0.1072 0.4570
132.0 0.0000 0.0000 0.0002 0.4359 0.1065 0.4575
133.0 0.0000 0.0000 0.0001 0.4361 0.1057 0.4580
134.0 0.0000 0.0000 0.0001 0.4364 0.1050 0.4584
135.0 0.0000 0.0000 0.0001 0.4367 0.1042 0.4589
136.0 0.0000 0.0000 0.0001 0.4370 0.1035 0.4594
137.0 0.0000 0.0000 0.0001 0.4373 0.1028 0.4598
138.0 0.0000 0.0000 0.0001 0.4376 0.1021 0.4603
139.0 0.0000 0.0000 0.0001 0.4378 0.1013 0.4607
140.0 0.0000 0.0000 0.0001 0.4381 0.1006 0.4612
141.0 0.0000 0.0000 0.0001 0.4384 0.0999 0.4616
142.0 0.0000 0.0000 0.0001 0.4386 0.0992 0.4621
143.0 0.0000 0.0000 0.0001 0.4389 0.0985 0.4625
144.0 0.0000 0.0000 0.0001 0.4392 0.0978 0.4629
145.0 0.0000 0.0000 0.0001 0.4394 0.0972 0.4634
146.0 0.0000 0.0000 0.0001 0.4397 0.0965 0.4638
147.0 0.0000 0.0000 0.0001 0.4399 0.0958 0.4642
148.0 0.0000 0.0000 0.0001 0.4402 0.0951 0.4646
149.0 0.0000 0.0000 0.0001 0.4404 0.0945 0.4651
150.0 0.0000 0.0000 0.0001 0.4406 0.0938 0.4655
151.0 0.0000 0.0000 0.0000 0.4409 0.0932 0.4659
152.0 0.0000 0.0000 0.0000 0.4411 0.0925 0.4663
153.0 0.0000 0.0000 0.0000 0.4413 0.0919 0.4667
154.0 0.0000 0.0000 0.0000 0.4416 0.0913 0.4671
155.0 0.0000 0.0000 0.0000 0.4418 0.0906 0.4675
156.0 0.0000 0.0000 0.0000 0.4420 0.0900 0.4679
157.0 0.0000 0.0000 0.0000 0.4423 0.0894 0.4683
158.0 0.0000 0.0000 0.0000 0.4425 0.0888 0.4687
159.0 0.0000 0.0000 0.0000 0.4427 0.0882 0.4691
160.0 0.0000 0.0000 0.0000 0.4429 0.0875 0.4695
161.0 0.0000 0.0000 0.0000 0.4431 0.0869 0.4699
162.0 0.0000 0.0000 0.0000 0.4433 0.0863 0.4703
163.0 0.0000 0.0000 0.0000 0.4435 0.0858 0.4707
164.0 0.0000 0.0000 0.0000 0.4437 0.0852 0.4711
165.0 0.0000 0.0000 0.0000 0.4440 0.0846 0.4714
166.0 0.0000 0.0000 0.0000 0.4442 0.0840 0.4718
167.0 0.0000 0.0000 0.0000 0.4444 0.0834 0.4722
168.0 0.0000 0.0000 0.0000 0.4446 0.0829 0.4726
169.0 0.0000 0.0000 0.0000 0.4447 0.0823 0.4729
170.0 0.0000 0.0000 0.0000 0.4449 0.0817 0.4733
171.0 0.0000 0.0000 0.0000 0.4451 0.0812 0.4737
172.0 0.0000 0.0000 0.0000 0.4453 0.0806 0.4740
173.0 0.0000 0.0000 0.0000 0.4455 0.0801 0.4744
174.0 0.0000 0.0000 0.0000 0.4457 0.0795 0.4748
175.0 0.0000 0.0000 0.0000 0.4459 0.0790 0.4751
176.0 0.0000 0.0000 0.0000 0.4461 0.0785 0.4755
177.0 0.0000 0.0000 0.0000 0.4462 0.0779 0.4758
178.0 0.0000 0.0000 0.0000 0.4464 0.0774 0.4762
179.0 0.0000 0.0000 0.0000 0.4466 0.0769 0.4765
180.0 0.0000 0.0000 0.0000 0.4468 0.0764 0.4769
181.0 0.0000 0.0000 0.0000 0.4469 0.0758 0.4772
182.0 0.0000 0.0000 0.0000 0.4471 0.0753 0.4776
183.0 0.0000 0.0000 0.0000 0.4473 0.0748 0.4779
184.0 0.0000 0.0000 0.0000 0.4474 0.0743 0.4782
185.0 0.0000 0.0000 0.0000 0.4476 0.0738 0.4786
186.0 0.0000 0.0000 0.0000 0.4477 0.0733 0.4789
187.0 0.0000 0.0000 0.0000 0.4479 0.0728 0.4793
188.0 0.0000 0.0000 0.0000 0.4481 0.0723 0.4796
189.0 0.0000 0.0000 0.0000 0.4482 0.0719 0.4799
190.0 0.0000 0.0000 0.0000 0.4484 0.0714 0.4802
191.0 0.0000 0.0000 0.0000 0.4485 0.0709 0.4806
192.0 0.0000 0.0000 0.0000 0.4487 0.0704 0.4809
193.0 0.0000 0.0000 0.0000 0.4488 0.0700 0.4812
194.0 0.0000 0.0000 0.0000 0.4490 0.0695 0.4815
195.0 0.0000 0.0000 0.0000 0.4491 0.0690 0.4819
196.0 0.0000 0.0000 0.0000 0.4492 0.0686 0.4822
197.0 0.0000 0.0000 0.0000 0.4494 0.0681 0.4825
198.0 0.0000 0.0000 0.0000 0.4495 0.0677 0.4828
199.0 0.0000 0.0000 0.0000 0.4497 0.0672 0.4831
200.0 0.0000 0.0000 0.0000 0.4498 0.0668 0.4834
201.0 0.0000 0.0000 0.0000 0.4499 0.0663 0.4837
202.0 0.0000 0.0000 0.0000 0.4501 0.0659 0.4841
203.0 0.0000 0.0000 0.0000 0.4502 0.0654 0.4844
204.0 0.0000 0.0000 0.0000 0.4503 0.0650 0.4847
205.0 0.0000 0.0000 0.0000 0.4505 0.0646 0.4850
206.0 0.0000 0.0000 0.0000 0.4506 0.0642 0.4853
207.0 0.0000 0.0000 0.0000 0.4507 0.0637 0.4856
208.0 0.0000 0.0000 0.0000 0.4508 0.0633 0.4859
209.0 0.0000 0.0000 0.0000 0.4510 0.0629 0.4862
210.0 0.0000 0.0000 0.0000 0.4511 0.0625 0.4865
211.0 0.0000 0.0000 0.0000 0.4512 0.0621 0.4867
212.0 0.0000 0.0000 0.0000 0.4513 0.0617 0.4870
213.0 0.0000 0.0000 0.0000 0.4514 0.0612 0.4873
214.0 0.0000 0.0000 0.0000 0.4515 0.0608 0.4876
215.0 0.0000 0.0000 0.0000 0.4516 0.0604 0.4879
216.0 0.0000 0.0000 0.0000 0.4518 0.0601 0.4882
217.0 0.0000 0.0000 0.0000 0.4519 0.0597 0.4885
218.0 0.0000 0.0000 0.0000 0.4520 0.0593 0.4888
219.0 0.0000 0.0000 0.0000 0.4521 0.0589 0.4890
220.0 0.0000 0.0000 0.0000 0.4522 0.0585 0.4893
221.0 0.0000 0.0000 0.0000 0.4523 0.0581 0.4896
222.0 0.0000 0.0000 0.0000 0.4524 0.0577 0.4899
223.0 0.0000 0.0000 0.0000 0.4525 0.0574 0.4901
224.0 0.0000 0.0000 0.0000 0.4526 0.0570 0.4904
225.0 0.0000 0.0000 0.0000 0.4527 0.0566 0.4907
226.0 0.0000 0.0000 0.0000 0.4528 0.0562 0.4910
227.0 0.0000 0.0000 0.0000 0.4529 0.0559 0.4912
228.0 0.0000 0.0000 0.0000 0.4530 0.0555 0.4915
229.0 0.0000 0.0000 0.0000 0.4531 0.0551 0.4918
230.0 0.0000 0.0000 0.0000 0.4532 0.0548 0.4920
231.0 0.0000 0.0000 0.0000 0.4533 0.0544 0.4923
232.0 0.0000 0.0000 0.0000 0.4534 0.0541 0.4926
233.0 0.0000 0.0000 0.0000 0.4534 0.0537 0.4928
234.0 0.0000 0.0000 0.0000 0.4535 0.0534 0.4931
235.0 0.0000 0.0000 0.0000 0.4536 0.0530 0.4933
236.0 0.0000 0.0000 0.0000 0.4537 0.0527 0.4936
237.0 0.0000 0.0000 0.0000 0.4538 0.0523 0.4939
238.0 0.0000 0.0000 0.0000 0.4539 0.0520 0.4941
239.0 0.0000 0.0000 0.0000 0.4540 0.0517 0.4944
240.0 0.0000 0.0000 0.0000 0.4540 0.0513 0.4946
241.0 0.0000 0.0000 0.0000 0.4541 0.0510 0.4949
242.0 0.0000 0.0000 0.0000 0.4542 0.0507 0.4951
243.0 0.0000 0.0000 0.0000 0.4543 0.0504 0.4954
244.0 0.0000 0.0000 0.0000 0.4543 0.0500 0.4956
245.0 0.0000 0.0000 0.0000 0.4544 0.0497 0.4959
246.0 0.0000 0.0000 0.0000 0.4545 0.0494 0.4961
247.0 0.0000 0.0000 0.0000 0.4546 0.0491 0.4964
248.0 0.0000 0.0000 0.0000 0.4546 0.0488 0.4966
249.0 0.0000 0.0000 0.0000 0.4547 0.0484 0.4969
