i r tft rl num fbm tom
0.0 0.1667 0.1667 0.1667 0.1667 0.1667 0.1667
1.0 0.1352 0.1352 0.1352 0.1974 0.1985 0.1985
2.0 0.1048 0.1048 0.1048 0.2250 0.2303 0.2304
3.0 0.0775 0.0775 0.0774 0.2467 0.2604 0.2605
4.0 0.0548 0.0548 0.0548 0.2611 0.2872 0.2872
5.0 0.0374 0.0374 0.0374 0.2680 0.3099 0.3100
6.0 0.0247 0.0247 0.0247 0.2684 0.3287 0.3287
7.0 0.0160 0.0160 0.0160 0.2641 0.3440 0.3440
8.0 0.0102 0.0102 0.0102 0.2565 0.3565 0.3565
9.0 0.0064 0.0064 0.0064 0.2469 0.3669 0.3669
10.0 0.0040 0.0040 0.0040 0.2363 0.3758 0.3758
11.0 0.0025 0.0025 0.0025 0.2253 0.3836 0.3836
12.0 0.0016 0.0016 0.0015 0.2142 0.3905 0.3906
13.0 0.0010 0.0010 0.0010 0.2034 0.3968 0.3969
14.0 0.0006 0.0006 0.0006 0.1928 0.4027 0.4028
15.0 0.0004 0.0004 0.0004 0.1826 0.4081 0.4082
16.0 0.0002 0.0002 0.0002 0.1729 0.4131 0.4133
17.0 0.0001 0.0001 0.0001 0.1636 0.4179 0.4181
18.0 0.0001 0.0001 0.0001 0.1548 0.4224 0.4226
19.0 0.0001 0.0001 0.0001 0.1463 0.4266 0.4269
20.0 0.0000 0.0000 0.0000 0.1384 0.4306 0.4309
21.0 0.0000 0.0000 0.0000 0.1308 0.4344 0.4348
22.0 0.0000 0.0000 0.0000 0.1236 0.4380 0.4384
23.0 0.0000 0.0000 0.0000 0.1168 0.4414 0.4418
24.0 0.0000 0.0000 0.0000 0.1103 0.4446 0.4451
25.0 0.0000 0.0000 0.0000 0.1042 0.4476 0.4482
26.0 0.0000 0.0000 0.0000 0.0984 0.4505 0.4511
27.0 0.0000 0.0000 0.0000 0.0929 0.4532 0.4539
28.0 0.0000 0.0000 0.0000 0.0877 0.4557 0.4565
29.0 0.0000 0.0000 0.0000 0.0828 0.4582 0.4590
30.0 0.0000 0.0000 0.0000 0.0782 0.4604 0.4614
31.0 0.0000 0.0000 0.0000 0.0738 0.4626 0.4636
32.0 0.0000 0.0000 0.0000 0.0697 0.4646 0.4657
33.0 0.0000 0.0000 0.0000 0.0658 0.4665 0.4677
34.0 0.0000 0.0000 0.0000 0.0621 0.4684 0.4696
35.0 0.0000 0.0000 0.0000 0.0586 0.4701 0.4714
36.0 0.0000 0.0000 0.0000 0.0553 0.4717 0.4731
37.0 0.0000 0.0000 0.0000 0.0521 0.4732 0.4747
38.0 0.0000 0.0000 0.0000 0.0492 0.4746 0.4762
39.0 0.0000 0.0000 0.0000 0.0464 0.4759 0.4776
40.0 0.0000 0.0000 0.0000 0.0438 0.4772 0.4790
41.0 0.0000 0.0000 0.0000 0.0413 0.4784 0.4803
42.0 0.0000 0.0000 0.0000 0.0390 0.4795 0.4815
43.0 0.0000 0.0000 0.0000 0.0368 0.4806 0.4826
44.0 0.0000 0.0000 0.0000 0.0347 0.4816 0.4837
45.0 0.0000 0.0000 0.0000 0.0327 0.4825 0.4848
46.0 0.0000 0.0000 0.0000 0.0309 0.4834 0.4857
47.0 0.0000 0.0000 0.0000 0.0291 0.4842 0.4867
48.0 0.0000 0.0000 0.0000 0.0275 0.4850 0.4875
49.0 0.0000 0.0000 0.0000 0.0259 0.4857 0.4884
50.0 0.0000 0.0000 0.0000 0.0244 0.4864 0.4892
51.0 0.0000 0.0000 0.0000 0.0231 0.4870 0.4899
52.0 0.0000 0.0000 0.0000 0.0217 0.4877 0.4906
53.0 0.0000 0.0000 0.0000 0.0205 0.4882 0.4913
54.0 0.0000 0.0000 0.0000 0.0193 0.4887 0.4919
55.0 0.0000 0.0000 0.0000 0.0182 0.4892 0.4925
56.0 0.0000 0.0000 0.0000 0.0172 0.4897 0.4931
57.0 0.0000 0.0000 0.0000 0.0162 0.4901 0.4936
58.0 0.0000 0.0000 0.0000 0.0153 0.4906 0.4941
59.0 0.0000 0.0000 0.0000 0.0144 0.4909 0.4946
60.0 0.0000 0.0000 0.0000 0.0136 0.4913 0.4951
61.0 0.0000 0.0000 0.0000 0.0128 0.4916 0.4955
62.0 0.0000 0.0000 0.0000 0.0121 0.4919 0.4959
63.0 0.0000 0.0000 0.0000 0.0114 0.4922 0.4963
64.0 0.0000 0.0000 0.0000 0.0108 0.4925 0.4967
65.0 0.0000 0.0000 0.0000 0.0102 0.4928 0.4971
66.0 0.0000 0.0000 0.0000 0.0096 0.4930 0.4974
67.0 0.0000 0.0000 0.0000 0.0090 0.4932 0.4978
68.0 0.0000 0.0000 0.0000 0.0085 0.4934 0.4981
69.0 0.0000 0.0000 0.0000 0.0080 0.4936 0.4984
70.0 0.0000 0.0000 0.0000 0.0076 0.4938 0.4986
71.0 0.0000 0.0000 0.0000 0.0071 0.4939 0.4989
72.0 0.0000 0.0000 0.0000 0.0067 0.4941 0.4992
73.0 0.0000 0.0000 0.0000 0.0064 0.4942 0.4994
74.0 0.0000 0.0000 0.0000 0.0060 0.4944 0.4997
75.0 0.0000 0.0000 0.0000 0.0056 0.4945 0.4999
76.0 0.0000 0.0000 0.0000 0.0053 0.4946 0.5001
77.0 0.0000 0.0000 0.0000 0.0050 0.4947 0.5003
78.0 0.0000 0.0000 0.0000 0.0047 0.4948 0.5005
79.0 0.0000 0.0000 0.0000 0.0045 0.4948 0.5007
80.0 0.0000 0.0000 0.0000 0.0042 0.4949 0.5009
81.0 0.0000 0.0000 0.0000 0.0040 0.4950 0.5011
82.0 0.0000 0.0000 0.0000 0.0037 0.4950 0.5012
83.0 0.0000 0.0000 0.0000 0.0035 0.4951 0.5014
84.0 0.0000 0.0000 0.0000 0.0033 0.4951 0.5015
85.0 0.0000 0.0000 0.0000 0.0031 0.4952 0.5017
86.0 0.0000 0.0000 0.0000 0.0030 0.4952 0.5018
87.0 0.0000 0.0000 0.0000 0.0028 0.4952 0.5020
88.0 0.0000 0.0000 0.0000 0.0026 0.4953 0.5021
89.0 0.0000 0.0000 0.0000 0.0025 0.4953 0.5022
90.0 0.0000 0.0000 0.0000 0.0023 0.4953 0.5024
91.0 0.0000 0.0000 0.0000 0.0022 0.4953 0.5025
92.0 0.0000 0.0000 0.0000 0.0021 0.4953 0.5026
93.0 0.0000 0.0000 0.0000 0.0020 0.4953 0.5027
94.0 0.0000 0.0000 0.0000 0.0019 0.4953 0.5028
95.0 0.0000 0.0000 0.0000 0.0017 0.4953 0.5029
96.0 0.0000 0.0000 0.0000 0.0016 0.4953 0.5030
97.0 0.0000 0.0000 0.0000 0.0016 0.4953 0.5031
98.0 0.0000 0.0000 0.0000 0.0015 0.4953 0.5032
99.0 0.0000 0.0000 0.0000 0.0014 0.4953 0.5033
100.0 0.0000 0.0000 0.0000 0.0013 0.4953 0.5034
101.0 0.0000 0.0000 0.0000 0.0012 0.4952 0.5035
102.0 0.0000 0.0000 0.0000 0.0012 0.4952 0.5036
103.0 0.0000 0.0000 0.0000 0.0011 0.4952 0.5037
104.0 0.0000 0.0000 0.0000 0.0010 0.4952 0.5038
105.0 0.0000 0.0000 0.0000 0.0010 0.4952 0.5039
106.0 0.0000 0.0000 0.0000 0.0009 0.4951 0.5040
107.0 0.0000 0.0000 0.0000 0.0009 0.4951 0.5040
108.0 0.0000 0.0000 0.0000 0.0008 0.4951 0.5041
109.0 0.0000 0.0000 0.0000 0.0008 0.4950 0.5042
110.0 0.0000 0.0000 0.0000 0.0007 0.4950 0.5043
111.0 0.0000 0.0000 0.0000 0.0007 0.4950 0.5043
112.0 0.0000 0.0000 0.0000 0.0006 0.4949 0.5044
113.0 0.0000 0.0000 0.0000 0.0006 0.4949 0.5045
114.0 0.0000 0.0000 0.0000 0.0006 0.4949 0.5046
115.0 0.0000 0.0000 0.0000 0.0005 0.4948 0.5046
116.0 0.0000 0.0000 0.0000 0.0005 0.4948 0.5047
117.0 0.0000 0.0000 0.0000 0.0005 0.4947 0.5048
118.0 0.0000 0.0000 0.0000 0.0005 0.4947 0.5048
119.0 0.0000 0.0000 0.0000 0.0004 0.4947 0.5049
120.0 0.0000 0.0000 0.0000 0.0004 0.4946 0.5050
121.0 0.0000 0.0000 0.0000 0.0004 0.4946 0.5050
122.0 0.0000 0.0000 0.0000 0.0004 0.4945 0.5051
123.0 0.0000 0.0000 0.0000 0.0003 0.4945 0.5052
124.0 0.0000 0.0000 0.0000 0.0003 0.4944 0.5052
125.0 0.0000 0.0000 0.0000 0.0003 0.4944 0.5053
126.0 0.0000 0.0000 0.0000 0.0003 0.4943 0.5054
127.0 0.0000 0.0000 0.0000 0.0003 0.4943 0.5054
128.0 0.0000 0.0000 0.0000 0.0003 0.4943 0.5055
129.0 0.0000 0.0000 0.0000 0.0002 0.4942 0.5056
130.0 0.0000 0.0000 0.0000 0.0002 0.4942 0.5056
131.0 0.0000 0.0000 0.0000 0.0002 0.4941 0.5057
132.0 0.0000 0.0000 0.0000 0.0002 0.4941 0.5057
133.0 0.0000 0.0000 0.0000 0.0002 0.4940 0.5058
134.0 0.0000 0.0000 0.0000 0.0002 0.4940 0.5059
135.0 0.0000 0.0000 0.0000 0.0002 0.4939 0.5059
136.0 0.0000 0.0000 0.0000 0.0002 0.4939 0.5060
137.0 0.0000 0.0000 0.0000 0.0001 0.4938 0.5060
138.0 0.0000 0.0000 0.0000 0.0001 0.4938 0.5061
139.0 0.0000 0.0000 0.0000 0.0001 0.4937 0.5062
140.0 0.0000 0.0000 0.0000 0.0001 0.4937 0.5062
141.0 0.0000 0.0000 0.0000 0.0001 0.4936 0.5063
142.0 0.0000 0.0000 0.0000 0.0001 0.4936 0.5063
143.0 0.0000 0.0000 0.0000 0.0001 0.4935 0.5064
144.0 0.0000 0.0000 0.0000 0.0001 0.4935 0.5065
145.0 0.0000 0.0000 0.0000 0.0001 0.4934 0.5065
146.0 0.0000 0.0000 0.0000 0.0001 0.4933 0.5066
147.0 0.0000 0.0000 0.0000 0.0001 0.4933 0.5066
148.0 0.0000 0.0000 0.0000 0.0001 0.4932 0.5067
149.0 0.0000 0.0000 0.0000 0.0001 0.4932 0.5067
150.0 0.0000 0.0000 0.0000 0.0001 0.4931 0.5068
151.0 0.0000 0.0000 0.0000 0.0001 0.4931 0.5069
152.0 0.0000 0.0000 0.0000 0.0001 0.4930 0.5069
153.0 0.0000 0.0000 0.0000 0.0001 0.4930 0.5070
154.0 0.0000 0.0000 0.0000 0.0001 0.4929 0.5070
155.0 0.0000 0.0000 0.0000 0.0001 0.4929 0.5071
156.0 0.0000 0.0000 0.0000 0.0000 0.4928 0.5071
157.0 0.0000 0.0000 0.0000 0.0000 0.4928 0.5072
158.0 0.0000 0.0000 0.0000 0.0000 0.4927 0.5072
159.0 0.0000 0.0000 0.0000 0.0000 0.4927 0.5073
160.0 0.0000 0.0000 0.0000 0.0000 0.4926 0.5074
161.0 0.0000 0.0000 0.0000 0.0000 0.4926 0.5074
162.0 0.0000 0.0000 0.0000 0.0000 0.4925 0.5075
163.0 0.0000 0.0000 0.0000 0.0000 0.4924 0.5075
164.0 0.0000 0.0000 0.0000 0.0000 0.4924 0.5076
165.0 0.0000 0.0000 0.0000 0.0000 0.4923 0.5076
166.0 0.0000 0.0000 0.0000 0.0000 0.4923 0.5077
167.0 0.0000 0.0000 0.0000 0.0000 0.4922 0.5077
168.0 0.0000 0.0000 0.0000 0.0000 0.4922 0.5078
169.0 0.0000 0.0000 0.0000 0.0000 0.4921 0.5079
170.0 0.0000 0.0000 0.0000 0.0000 0.4921 0.5079
171.0 0.0000 0.0000 0.0000 0.0000 0.4920 0.5080
172.0 0.0000 0.0000 0.0000 0.0000 0.4920 0.5080
173.0 0.0000 0.0000 0.0000 0.0000 0.4919 0.5081
174.0 0.0000 0.0000 0.0000 0.0000 0.4919 0.5081
175.0 0.0000 0.0000 0.0000 0.0000 0.4918 0.5082
176.0 0.0000 0.0000 0.0000 0.0000 0.4917 0.5082
177.0 0.0000 0.0000 0.0000 0.0000 0.4917 0.5083
178.0 0.0000 0.0000 0.0000 0.0000 0.4916 0.5083
179.0 0.0000 0.0000 0.0000 0.0000 0.4916 0.5084
180.0 0.0000 0.0000 0.0000 0.0000 0.4915 0.5085
181.0 0.0000 0.0000 0.0000 0.0000 0.4915 0.5085
182.0 0.0000 0.0000 0.0000 0.0000 0.4914 0.5086
183.0 0.0000 0.0000 0.0000 0.0000 0.4914 0.5086
184.0 0.0000 0.0000 0.0000 0.0000 0.4913 0.5087
185.0 0.0000 0.0000 0.0000 0.0000 0.4913 0.5087
186.0 0.0000 0.0000 0.0000 0.0000 0.4912 0.5088
187.0 0.0000 0.0000 0.0000 0.0000 0.4912 0.5088
188.0 0.0000 0.0000 0.0000 0.0000 0.4911 0.5089
189.0 0.0000 0.0000 0.0000 0.0000 0.4910 0.5089
190.0 0.0000 0.0000 0.0000 0.0000 0.4910 0.5090
191.0 0.0000 0.0000 0.0000 0.0000 0.4909 0.5091
192.0 0.0000 0.0000 0.0000 0.0000 0.4909 0.5091
193.0 0.0000 0.0000 0.0000 0.0000 0.4908 0.5092
194.0 0.0000 0.0000 0.0000 0.0000 0.4908 0.5092
195.0 0.0000 0.0000 0.0000 0.0000 0.4907 0.5093
196.0 0.0000 0.0000 0.0000 0.0000 0.4907 0.5093
197.0 0.0000 0.0000 0.0000 0.0000 0.4906 0.5094
198.0 0.0000 0.0000 0.0000 0.0000 0.4906 0.5094
199.0 0.0000 0.0000 0.0000 0.0000 0.4905 0.5095
200.0 0.0000 0.0000 0.0000 0.0000 0.4904 0.5095
201.0 0.0000 0.0000 0.0000 0.0000 0.4904 0.5096
202.0 0.0000 0.0000 0.0000 0.0000 0.4903 0.5097
203.0 0.0000 0.0000 0.0000 0.0000 0.4903 0.5097
204.0 0.0000 0.0000 0.0000 0.0000 0.4902 0.5098
205.0 0.0000 0.0000 0.0000 0.0000 0.4902 0.5098
206.0 0.0000 0.0000 0.0000 0.0000 0.4901 0.5099
207.0 0.0000 0.0000 0.0000 0.0000 0.4901 0.5099
208.0 0.0000 0.0000 0.0000 0.0000 0.4900 0.5100
209.0 0.0000 0.0000 0.0000 0.0000 0.4900 0.5100
210.0 0.0000 0.0000 0.0000 0.0000 0.4899 0.5101
211.0 0.0000 0.0000 0.0000 0.0000 0.4899 0.5101
212.0 0.0000 0.0000 0.0000 0.0000 0.4898 0.5102
213.0 0.0000 0.0000 0.0000 0.0000 0.4897 0.5103
214.0 0.0000 0.0000 0.0000 0.0000 0.4897 0.5103
215.0 0.0000 0.0000 0.0000 0.0000 0.4896 0.5104
216.0 0.0000 0.0000 0.0000 0.0000 0.4896 0.5104
217.0 0.0000 0.0000 0.0000 0.0000 0.4895 0.5105
218.0 0.0000 0.0000 0.0000 0.0000 0.4895 0.5105
219.0 0.0000 0.0000 0.0000 0.0000 0.4894 0.5106
220.0 0.0000 0.0000 0.0000 0.0000 0.4894 0.5106
221.0 0.0000 0.0000 0.0000 0.0000 0.4893 0.5107
222.0 0.0000 0.0000 0.0000 0.0000 0.4893 0.5107
223.0 0.0000 0.0000 0.0000 0.0000 0.4892 0.5108
224.0 0.0000 0.0000 0.0000 0.0000 0.4892 0.5108
225.0 0.0000 0.0000 0.0000 0.0000 0.4891 0.5109
226.0 0.0000 0.0000 0.0000 0.0000 0.4890 0.5110
227.0 0.0000 0.0000 0.0000 0.0000 0.4890 0.5110
228.0 0.0000 0.0000 0.0000 0.0000 0.4889 0.5111
229.0 0.0000 0.0000 0.0000 0.0000 0.4889 0.5111
230.0 0.0000 0.0000 0.0000 0.0000 0.4888 0.5112
231.0 0.0000 0.0000 0.0000 0.0000 0.4888 0.5112
232.0 0.0000 0.0000 0.0000 0.0000 0.4887 0.5113
233.0 0.0000 0.0000 0.0000 0.0000 0.4887 0.5113
234.0 0.0000 0.0000 0.0000 0.0000 0.4886 0.5114
235.0 0.0000 0.0000 0.0000 0.0000 0.4886 0.5114
236.0 0.0000 0.0000 0.0000 0.0000 0.4885 0.5115
237.0 0.0000 0.0000 0.0000 0.0000 0.4885 0.5115
238.0 0.0000 0.0000 0.0000 0.0000 0.4884 0.5116
239.0 0.0000 0.0000 0.0000 0.0000 0.4883 0.5117
240.0 0.0000 0.0000 0.0000 0.0000 0.4883 0.5117
241.0 0.0000 0.0000 0.0000 0.0000 0.4882 0.5118
242.0 0.0000 0.0000 0.0000 0.0000 0.4882 0.5118
243.0 0.0000 0.0000 0.0000 0.0000 0.4881 0.5119
244.0 0.0000 0.0000 0.0000 0.0000 0.4881 0.5119
245.0 0.0000 0.0000 0.0000 0.0000 0.4880 0.5120
246.0 0.0000 0.0000 0.0000 0.0000 0.4880 0.5120
247.0 0.0000 0.0000 0.0000 0.0000 0.4879 0.5121
248.0 0.0000 0.0000 0.0000 0.0000 0.4879 0.5121
249.0 0.0000 0.0000 0.0000 0.0000 0.4878 0.5122
