i r tft rl num fbm tom
0.0 0.1667 0.1667 0.1667 0.1667 0.1667 0.1667
1.0 0.1205 0.1220 0.2024 0.1797 0.1820 0.1934
2.0 0.0827 0.0849 0.2367 0.1857 0.1925 0.2175
3.0 0.0544 0.0566 0.2680 0.1851 0.1979 0.2379
4.0 0.0345 0.0365 0.2960 0.1794 0.1990 0.2546
5.0 0.0214 0.0230 0.3208 0.1704 0.1966 0.2679
6.0 0.0130 0.0142 0.3430 0.1595 0.1918 0.2784
7.0 0.0078 0.0087 0.3634 0.1479 0.1854 0.2868
8.0 0.0046 0.0053 0.3824 0.1362 0.1781 0.2934
9.0 0.0028 0.0032 0.4004 0.1249 0.1701 0.2985
10.0 0.0016 0.0019 0.4178 0.1142 0.1618 0.3026
11.0 0.0010 0.0012 0.4347 0.1042 0.1534 0.3055
12.0 0.0006 0.0007 0.4512 0.0949 0.1451 0.3076
13.0 0.0003 0.0004 0.4673 0.0863 0.1368 0.3089
14.0 0.0002 0.0002 0.4831 0.0783 0.1287 0.3094
15.0 0.0001 0.0001 0.4986 0.0711 0.1209 0.3092
16.0 0.0001 0.0001 0.5138 0.0644 0.1133 0.3084
17.0 0.0000 0.0001 0.5286 0.0584 0.1060 0.3069
18.0 0.0000 0.0000 0.5432 0.0528 0.0991 0.3049
19.0 0.0000 0.0000 0.5574 0.0478 0.0924 0.3024
20.0 0.0000 0.0000 0.5712 0.0432 0.0861 0.2994
21.0 0.0000 0.0000 0.5848 0.0390 0.0801 0.2960
22.0 0.0000 0.0000 0.5980 0.0353 0.0745 0.2923
23.0 0.0000 0.0000 0.6108 0.0318 0.0692 0.2882
24.0 0.0000 0.0000 0.6233 0.0287 0.0642 0.2838
25.0 0.0000 0.0000 0.6355 0.0259 0.0595 0.2791
26.0 0.0000 0.0000 0.6473 0.0234 0.0551 0.2742
27.0 0.0000 0.0000 0.6588 0.0211 0.0510 0.2691
28.0 0.0000 0.0000 0.6699 0.0190 0.0472 0.2639
29.0 0.0000 0.0000 0.6807 0.0171 0.0436 0.2585
30.0 0.0000 0.0000 0.6912 0.0154 0.0403 0.2531
31.0 0.0000 0.0000 0.7014 0.0139 0.0372 0.2475
32.0 0.0000 0.0000 0.7112 0.0125 0.0344 0.2419
33.0 0.0000 0.0000 0.7207 0.0113 0.0317 0.2363
34.0 0.0000 0.0000 0.7300 0.0102 0.0292 0.2306
35.0 0.0000 0.0000 0.7389 0.0092 0.0270 0.2249
36.0 0.0000 0.0000 0.7476 0.0083 0.0249 0.2193
37.0 0.0000 0.0000 0.7560 0.0074 0.0229 0.2137
38.0 0.0000 0.0000 0.7641 0.0067 0.0211 0.2081
39.0 0.0000 0.0000 0.7719 0.0060 0.0195 0.2026
40.0 0.0000 0.0000 0.7795 0.0054 0.0179 0.1971
41.0 0.0000 0.0000 0.7869 0.0049 0.0165 0.1917
42.0 0.0000 0.0000 0.7940 0.0044 0.0152 0.1864
43.0 0.0000 0.0000 0.8009 0.0040 0.0140 0.1812
44.0 0.0000 0.0000 0.8075 0.0036 0.0129 0.1760
45.0 0.0000 0.0000 0.8140 0.0032 0.0119 0.1710
46.0 0.0000 0.0000 0.8202 0.0029 0.0109 0.1660
47.0 0.0000 0.0000 0.8262 0.0026 0.0101 0.1611
48.0 0.0000 0.0000 0.8320 0.0024 0.0093 0.1564
49.0 0.0000 0.0000 0.8376 0.0021 0.0085 0.1517
50.0 0.0000 0.0000 0.8431 0.0019 0.0078 0.1472
51.0 0.0000 0.0000 0.8483 0.0017 0.0072 0.1427
52.0 0.0000 0.0000 0.8534 0.0015 0.0066 0.1384
53.0 0.0000 0.0000 0.8583 0.0014 0.0061 0.1341
54.0 0.0000 0.0000 0.8631 0.0013 0.0056 0.1300
55.0 0.0000 0.0000 0.8677 0.0011 0.0052 0.1260
56.0 0.0000 0.0000 0.8722 0.0010 0.0048 0.1221
57.0 0.0000 0.0000 0.8764 0.0009 0.0044 0.1182
58.0 0.0000 0.0000 0.8806 0.0008 0.0040 0.1145
59.0 0.0000 0.0000 0.8846 0.0007 0.0037 0.1109
60.0 0.0000 0.0000 0.8885 0.0007 0.0034 0.1074
61.0 0.0000 0.0000 0.8923 0.0006 0.0031 0.1040
62.0 0.0000 0.0000 0.8959 0.0005 0.0029 0.1007
63.0 0.0000 0.0000 0.8994 0.0005 0.0027 0.0974
64.0 0.0000 0.0000 0.9028 0.0004 0.0025 0.0943
65.0 0.0000 0.0000 0.9061 0.0004 0.0023 0.0913
66.0 0.0000 0.0000 0.9093 0.0004 0.0021 0.0883
67.0 0.0000 0.0000 0.9123 0.0003 0.0019 0.0854
68.0 0.0000 0.0000 0.9153 0.0003 0.0018 0.0827
69.0 0.0000 0.0000 0.9182 0.0003 0.0016 0.0800
70.0 0.0000 0.0000 0.9209 0.0002 0.0015 0.0773
71.0 0.0000 0.0000 0.9236 0.0002 0.0014 0.0748
72.0 0.0000 0.0000 0.9262 0.0002 0.0013 0.0724
73.0 0.0000 0.0000 0.9287 0.0002 0.0012 0.0700
74.0 0.0000 0.0000 0.9311 0.0002 0.0011 0.0677
75.0 0.0000 0.0000 0.9334 0.0001 0.0010 0.0654
76.0 0.0000 0.0000 0.9357 0.0001 0.0009 0.0633
77.0 0.0000 0.0000 0.9379 0.0001 0.0008 0.0612
78.0 0.0000 0.0000 0.9400 0.0001 0.0008 0.0591
79.0 0.0000 0.0000 0.9420 0.0001 0.0007 0.0572
80.0 0.0000 0.0000 0.9440 0.0001 0.0007 0.0553
81.0 0.0000 0.0000 0.9459 0.0001 0.0006 0.0534
82.0 0.0000 0.0000 0.9477 0.0001 0.0006 0.0516
83.0 0.0000 0.0000 0.9495 0.0001 0.0005 0.0499
84.0 0.0000 0.0000 0.9512 0.0001 0.0005 0.0482
85.0 0.0000 0.0000 0.9529 0.0001 0.0004 0.0466
86.0 0.0000 0.0000 0.9545 0.0000 0.0004 0.0450
87.0 0.0000 0.0000 0.9561 0.0000 0.0004 0.0435
88.0 0.0000 0.0000 0.9576 0.0000 0.0003 0.0421
89.0 0.0000 0.0000 0.9590 0.0000 0.0003 0.0406
90.0 0.0000 0.0000 0.9604 0.0000 0.0003 0.0393
91.0 0.0000 0.0000 0.9618 0.0000 0.0003 0.0380
92.0 0.0000 0.0000 0.9631 0.0000 0.0002 0.0367
93.0 0.0000 0.0000 0.9643 0.0000 0.0002 0.0354
94.0 0.0000 0.0000 0.9655 0.0000 0.0002 0.0342
95.0 0.0000 0.0000 0.9667 0.0000 0.0002 0.0331
96.0 0.0000 0.0000 0.9679 0.0000 0.0002 0.0319
97.0 0.0000 0.0000 0.9690 0.0000 0.0002 0.0309
98.0 0.0000 0.0000 0.9700 0.0000 0.0001 0.0298
99.0 0.0000 0.0000 0.9710 0.0000 0.0001 0.0288
100.0 0.0000 0.0000 0.9720 0.0000 0.0001 0.0278
101.0 0.0000 0.0000 0.9730 0.0000 0.0001 0.0269
102.0 0.0000 0.0000 0.9739 0.0000 0.0001 0.0260
103.0 0.0000 0.0000 0.9748 0.0000 0.0001 0.0251
104.0 0.0000 0.0000 0.9757 0.0000 0.0001 0.0242
105.0 0.0000 0.0000 0.9765 0.0000 0.0001 0.0234
106.0 0.0000 0.0000 0.9773 0.0000 0.0001 0.0226
107.0 0.0000 0.0000 0.9781 0.0000 0.0001 0.0218
108.0 0.0000 0.0000 0.9788 0.0000 0.0001 0.0211
109.0 0.0000 0.0000 0.9796 0.0000 0.0001 0.0204
110.0 0.0000 0.0000 0.9803 0.0000 0.0001 0.0197
111.0 0.0000 0.0000 0.9810 0.0000 0.0001 0.0190
112.0 0.0000 0.0000 0.9816 0.0000 0.0000 0.0183
113.0 0.0000 0.0000 0.9822 0.0000 0.0000 0.0177
114.0 0.0000 0.0000 0.9828 0.0000 0.0000 0.0171
115.0 0.0000 0.0000 0.9834 0.0000 0.0000 0.0165
116.0 0.0000 0.0000 0.9840 0.0000 0.0000 0.0160
117.0 0.0000 0.0000 0.9846 0.0000 0.0000 0.0154
118.0 0.0000 0.0000 0.9851 0.0000 0.0000 0.0149
119.0 0.0000 0.0000 0.9856 0.0000 0.0000 0.0144
120.0 0.0000 0.0000 0.9861 0.0000 0.0000 0.0139
121.0 0.0000 0.0000 0.9866 0.0000 0.0000 0.0134
122.0 0.0000 0.0000 0.9870 0.0000 0.0000 0.0129
123.0 0.0000 0.0000 0.9875 0.0000 0.0000 0.0125
124.0 0.0000 0.0000 0.9879 0.0000 0.0000 0.0121
125.0 0.0000 0.0000 0.9883 0.0000 0.0000 0.0117
126.0 0.0000 0.0000 0.9887 0.0000 0.0000 0.0113
127.0 0.0000 0.0000 0.9891 0.0000 0.0000 0.0109
128.0 0.0000 0.0000 0.9895 0.0000 0.0000 0.0105
129.0 0.0000 0.0000 0.9899 0.0000 0.0000 0.0101
130.0 0.0000 0.0000 0.9902 0.0000 0.0000 0.0098
131.0 0.0000 0.0000 0.9905 0.0000 0.0000 0.0094
132.0 0.0000 0.0000 0.9909 0.0000 0.0000 0.0091
133.0 0.0000 0.0000 0.9912 0.0000 0.0000 0.0088
134.0 0.0000 0.0000 0.9915 0.0000 0.0000 0.0085
135.0 0.0000 0.0000 0.9918 0.0000 0.0000 0.0082
136.0 0.0000 0.0000 0.9921 0.0000 0.0000 0.0079
137.0 0.0000 0.0000 0.9923 0.0000 0.0000 0.0077
138.0 0.0000 0.0000 0.9926 0.0000 0.0000 0.0074
139.0 0.0000 0.0000 0.9929 0.0000 0.0000 0.0071
140.0 0.0000 0.0000 0.9931 0.0000 0.0000 0.0069
141.0 0.0000 0.0000 0.9933 0.0000 0.0000 0.0067
142.0 0.0000 0.0000 0.9936 0.0000 0.0000 0.0064
143.0 0.0000 0.0000 0.9938 0.0000 0.0000 0.0062
144.0 0.0000 0.0000 0.9940 0.0000 0.0000 0.0060
145.0 0.0000 0.0000 0.9942 0.0000 0.0000 0.0058
146.0 0.0000 0.0000 0.9944 0.0000 0.0000 0.0056
147.0 0.0000 0.0000 0.9946 0.0000 0.0000 0.0054
148.0 0.0000 0.0000 0.9948 0.0000 0.0000 0.0052
149.0 0.0000 0.0000 0.9950 0.0000 0.0000 0.0050
150.0 0.0000 0.0000 0.9951 0.0000 0.0000 0.0048
151.0 0.0000 0.0000 0.9953 0.0000 0.0000 0.0047
152.0 0.0000 0.0000 0.9955 0.0000 0.0000 0.0045
153.0 0.0000 0.0000 0.9956 0.0000 0.0000 0.0044
154.0 0.0000 0.0000 0.9958 0.0000 0.0000 0.0042
155.0 0.0000 0.0000 0.9959 0.0000 0.0000 0.0041
156.0 0.0000 0.0000 0.9961 0.0000 0.0000 0.0039
157.0 0.0000 0.0000 0.9962 0.0000 0.0000 0.0038
158.0 0.0000 0.0000 0.9963 0.0000 0.0000 0.0037
159.0 0.0000 0.0000 0.9965 0.0000 0.0000 0.0035
160.0 0.0000 0.0000 0.9966 0.0000 0.0000 0.0034
161.0 0.0000 0.0000 0.9967 0.0000 0.0000 0.0033
162.0 0.0000 0.0000 0.9968 0.0000 0.0000 0.0032
163.0 0.0000 0.0000 0.9969 0.0000 0.0000 0.0031
164.0 0.0000 0.0000 0.9970 0.0000 0.0000 0.0030
165.0 0.0000 0.0000 0.9971 0.0000 0.0000 0.0029
166.0 0.0000 0.0000 0.9972 0.0000 0.0000 0.0028
167.0 0.0000 0.0000 0.9973 0.0000 0.0000 0.0027
168.0 0.0000 0.0000 0.9974 0.0000 0.0000 0.0026
169.0 0.0000 0.0000 0.9975 0.0000 0.0000 0.0025
170.0 0.0000 0.0000 0.9976 0.0000 0.0000 0.0024
171.0 0.0000 0.0000 0.9977 0.0000 0.0000 0.0023
172.0 0.0000 0.0000 0.9978 0.0000 0.0000 0.0022
173.0 0.0000 0.0000 0.9978 0.0000 0.0000 0.0022
174.0 0.0000 0.0000 0.9979 0.0000 0.0000 0.0021
175.0 0.0000 0.0000 0.9980 0.0000 0.0000 0.0020
176.0 0.0000 0.0000 0.9981 0.0000 0.0000 0.0019
177.0 0.0000 0.0000 0.9981 0.0000 0.0000 0.0019
178.0 0.0000 0.0000 0.9982 0.0000 0.0000 0.0018
179.0 0.0000 0.0000 0.9983 0.0000 0.0000 0.0017
180.0 0.0000 0.0000 0.9983 0.0000 0.0000 0.0017
181.0 0.0000 0.0000 0.9984 0.0000 0.0000 0.0016
182.0 0.0000 0.0000 0.9984 0.0000 0.0000 0.0016
183.0 0.0000 0.0000 0.9985 0.0000 0.0000 0.0015
184.0 0.0000 0.0000 0.9985 0.0000 0.0000 0.0015
185.0 0.0000 0.0000 0.9986 0.0000 0.0000 0.0014
186.0 0.0000 0.0000 0.9986 0.0000 0.0000 0.0014
187.0 0.0000 0.0000 0.9987 0.0000 0.0000 0.0013
188.0 0.0000 0.0000 0.9987 0.0000 0.0000 0.0013
189.0 0.0000 0.0000 0.9988 0.0000 0.0000 0.0012
190.0 0.0000 0.0000 0.9988 0.0000 0.0000 0.0012
191.0 0.0000 0.0000 0.9989 0.0000 0.0000 0.0011
192.0 0.0000 0.0000 0.9989 0.0000 0.0000 0.0011
193.0 0.0000 0.0000 0.9989 0.0000 0.0000 0.0011
194.0 0.0000 0.0000 0.9990 0.0000 0.0000 0.0010
195.0 0.0000 0.0000 0.9990 0.0000 0.0000 0.0010
196.0 0.0000 0.0000 0.9990 0.0000 0.0000 0.0010
197.0 0.0000 0.0000 0.9991 0.0000 0.0000 0.0009
198.0 0.0000 0.0000 0.9991 0.0000 0.0000 0.0009
199.0 0.0000 0.0000 0.9991 0.0000 0.0000 0.0009
200.0 0.0000 0.0000 0.9992 0.0000 0.0000 0.0008
201.0 0.0000 0.0000 0.9992 0.0000 0.0000 0.0008
202.0 0.0000 0.0000 0.9992 0.0000 0.0000 0.0008
203.0 0.0000 0.0000 0.9992 0.0000 0.0000 0.0008
204.0 0.0000 0.0000 0.9993 0.0000 0.0000 0.0007
205.0 0.0000 0.0000 0.9993 0.0000 0.0000 0.0007
206.0 0.0000 0.0000 0.9993 0.0000 0.0000 0.0007
207.0 0.0000 0.0000 0.9993 0.0000 0.0000 0.0007
208.0 0.0000 0.0000 0.9994 0.0000 0.0000 0.0006
209.0 0.0000 0.0000 0.9994 0.0000 0.0000 0.0006
210.0 0.0000 0.0000 0.9994 0.0000 0.0000 0.0006
211.0 0.0000 0.0000 0.9994 0.0000 0.0000 0.0006
212.0 0.0000 0.0000 0.9995 0.0000 0.0000 0.0005
213.0 0.0000 0.0000 0.9995 0.0000 0.0000 0.0005
214.0 0.0000 0.0000 0.9995 0.0000 0.0000 0.0005
215.0 0.0000 0.0000 0.9995 0.0000 0.0000 0.0005
216.0 0.0000 0.0000 0.9995 0.0000 0.0000 0.0005
217.0 0.0000 0.0000 0.9995 0.0000 0.0000 0.0005
218.0 0.0000 0.0000 0.9996 0.0000 0.0000 0.0004
219.0 0.0000 0.0000 0.9996 0.0000 0.0000 0.0004
220.0 0.0000 0.0000 0.9996 0.0000 0.0000 0.0004
221.0 0.0000 0.0000 0.9996 0.0000 0.0000 0.0004
222.0 0.0000 0.0000 0.9996 0.0000 0.0000 0.0004
223.0 0.0000 0.0000 0.9996 0.0000 0.0000 0.0004
224.0 0.0000 0.0000 0.9996 0.0000 0.0000 0.0004
225.0 0.0000 0.0000 0.9997 0.0000 0.0000 0.0003
226.0 0.0000 0.0000 0.9997 0.0000 0.0000 0.0003
227.0 0.0000 0.0000 0.9997 0.0000 0.0000 0.0003
228.0 0.0000 0.0000 0.9997 0.0000 0.0000 0.0003
229.0 0.0000 0.0000 0.9997 0.0000 0.0000 0.0003
230.0 0.0000 0.0000 0.9997 0.0000 0.0000 0.0003
231.0 0.0000 0.0000 0.9997 0.0000 0.0000 0.0003
232.0 0.0000 0.0000 0.9997 0.0000 0.0000 0.0003
233.0 0.0000 0.0000 0.9997 0.0000 0.0000 0.0003
234.0 0.0000 0.0000 0.9997 0.0000 0.0000 0.0003
235.0 0.0000 0.0000 0.9998 0.0000 0.0000 0.0002
236.0 0.0000 0.0000 0.9998 0.0000 0.0000 0.0002
237.0 0.0000 0.0000 0.9998 0.0000 0.0000 0.0002
238.0 0.0000 0.0000 0.9998 0.0000 0.0000 0.0002
239.0 0.0000 0.0000 0.9998 0.0000 0.0000 0.0002
240.0 0.0000 0.0000 0.9998 0.0000 0.0000 0.0002
241.0 0.0000 0.0000 0.9998 0.0000 0.0000 0.0002
242.0 0.0000 0.0000 0.9998 0.0000 0.0000 0.0002
243.0 0.0000 0.0000 0.9998 0.0000 0.0000 0.0002
244.0 0.0000 0.0000 0.9998 0.0000 0.0000 0.0002
245.0 0.0000 0.0000 0.9998 0.0000 0.0000 0.0002
246.0 0.0000 0.0000 0.9998 0.0000 0.0000 0.0002
247.0 0.0000 0.0000 0.9998 0.0000 0.0000 0.0002
248.0 0.0000 0.0000 0.9998 0.0000 0.0000 0.0002
249.0 0.0000 0.0000 0.9999 0.0000 0.0000 0.0001
