i r tft rl num fbm tom
0.0 0.1667 0.1667 0.1667 0.1667 0.1667 0.1667
1.0 0.1450 0.1656 0.1713 0.1727 0.1727 0.1727
2.0 0.1258 0.1639 0.1754 0.1783 0.1783 0.1784
3.0 0.1087 0.1617 0.1790 0.1835 0.1835 0.1836
4.0 0.0938 0.1591 0.1822 0.1883 0.1883 0.1884
5.0 0.0807 0.1561 0.1849 0.1927 0.1927 0.1928
6.0 0.0693 0.1529 0.1873 0.1968 0.1967 0.1969
7.0 0.0595 0.1494 0.1894 0.2005 0.2005 0.2007
8.0 0.0509 0.1458 0.1911 0.2040 0.2039 0.2042
9.0 0.0435 0.1421 0.1926 0.2073 0.2071 0.2074
10.0 0.0372 0.1382 0.1938 0.2103 0.2101 0.2104
11.0 0.0317 0.1344 0.1948 0.2131 0.2128 0.2132
12.0 0.0270 0.1305 0.1956 0.2157 0.2154 0.2158
13.0 0.0230 0.1266 0.1963 0.2181 0.2178 0.2182
14.0 0.0196 0.1227 0.1968 0.2204 0.2200 0.2205
15.0 0.0167 0.1189 0.1971 0.2226 0.2221 0.2227
16.0 0.0142 0.1151 0.1973 0.2247 0.2241 0.2247
17.0 0.0120 0.1113 0.1975 0.2266 0.2260 0.2266
18.0 0.0102 0.1077 0.1975 0.2285 0.2277 0.2284
19.0 0.0087 0.1041 0.1974 0.2302 0.2294 0.2301
20.0 0.0074 0.1006 0.1973 0.2319 0.2310 0.2318
21.0 0.0063 0.0972 0.1971 0.2335 0.2326 0.2333
22.0 0.0053 0.0939 0.1968 0.2351 0.2341 0.2348
23.0 0.0045 0.0907 0.1965 0.2366 0.2355 0.2363
24.0 0.0038 0.0875 0.1961 0.2380 0.2368 0.2377
25.0 0.0032 0.0845 0.1957 0.2394 0.2381 0.2390
26.0 0.0027 0.0815 0.1953 0.2408 0.2394 0.2403
27.0 0.0023 0.0786 0.1948 0.2421 0.2406 0.2416
28.0 0.0020 0.0758 0.1942 0.2433 0.2418 0.2428
29.0 0.0017 0.0731 0.1937 0.2446 0.2430 0.2440
30.0 0.0014 0.0705 0.1931 0.2458 0.2441 0.2451
31.0 0.0012 0.0680 0.1924 0.2469 0.2452 0.2463
32.0 0.0010 0.0655 0.1918 0.2481 0.2462 0.2473
33.0 0.0009 0.0632 0.1911 0.2492 0.2473 0.2484
34.0 0.0007 0.0609 0.1904 0.2503 0.2483 0.2494
35.0 0.0006 0.0587 0.1897 0.2513 0.2492 0.2504
36.0 0.0005 0.0565 0.1890 0.2523 0.2502 0.2514
37.0 0.0004 0.0545 0.1883 0.2534 0.2511 0.2524
38.0 0.0004 0.0525 0.1875 0.2543 0.2520 0.2533
39.0 0.0003 0.0505 0.1867 0.2553 0.2529 0.2542
40.0 0.0003 0.0487 0.1859 0.2562 0.2538 0.2551
41.0 0.0002 0.0469 0.1851 0.2572 0.2546 0.2560
42.0 0.0002 0.0451 0.1843 0.2581 0.2555 0.2568
43.0 0.0002 0.0435 0.1835 0.2590 0.2563 0.2576
44.0 0.0001 0.0419 0.1826 0.2598 0.2571 0.2585
45.0 0.0001 0.0403 0.1818 0.2607 0.2578 0.2593
46.0 0.0001 0.0388 0.1809 0.2615 0.2586 0.2600
47.0 0.0001 0.0374 0.1801 0.2623 0.2594 0.2608
48.0 0.0001 0.0360 0.1792 0.2631 0.2601 0.2616
49.0 0.0001 0.0346 0.1783 0.2639 0.2608 0.2623
50.0 0.0001 0.0333 0.1774 0.2647 0.2615 0.2630
51.0 0.0000 0.0321 0.1765 0.2654 0.2622 0.2637
52.0 0.0000 0.0309 0.1756 0.2662 0.2629 0.2644
53.0 0.0000 0.0297 0.1747 0.2669 0.2635 0.2651
54.0 0.0000 0.0286 0.1738 0.2676 0.2642 0.2658
55.0 0.0000 0.0275 0.1729 0.2684 0.2648 0.2664
56.0 0.0000 0.0265 0.1720 0.2690 0.2654 0.2670
57.0 0.0000 0.0255 0.1711 0.2697 0.2660 0.2677
58.0 0.0000 0.0245 0.1701 0.2704 0.2666 0.2683
59.0 0.0000 0.0236 0.1692 0.2711 0.2672 0.2689
60.0 0.0000 0.0227 0.1683 0.2717 0.2678 0.2695
61.0 0.0000 0.0218 0.1674 0.2723 0.2684 0.2701
62.0 0.0000 0.0210 0.1664 0.2730 0.2689 0.2707
63.0 0.0000 0.0202 0.1655 0.2736 0.2695 0.2712
64.0 0.0000 0.0194 0.1646 0.2742 0.2700 0.2718
65.0 0.0000 0.0187 0.1636 0.2748 0.2706 0.2723
66.0 0.0000 0.0180 0.1627 0.2754 0.2711 0.2729
67.0 0.0000 0.0173 0.1617 0.2760 0.2716 0.2734
68.0 0.0000 0.0166 0.1608 0.2765 0.2721 0.2739
69.0 0.0000 0.0160 0.1599 0.2771 0.2726 0.2744
70.0 0.0000 0.0154 0.1589 0.2777 0.2731 0.2749
71.0 0.0000 0.0148 0.1580 0.2782 0.2736 0.2754
72.0 0.0000 0.0142 0.1571 0.2787 0.2741 0.2759
73.0 0.0000 0.0137 0.1561 0.2793 0.2745 0.2764
74.0 0.0000 0.0132 0.1552 0.2798 0.2750 0.2769
75.0 0.0000 0.0127 0.1543 0.2803 0.2755 0.2773
76.0 0.0000 0.0122 0.1533 0.2808 0.2759 0.2778
77.0 0.0000 0.0117 0.1524 0.2813 0.2763 0.2782
78.0 0.0000 0.0112 0.1515 0.2818 0.2768 0.2787
79.0 0.0000 0.0108 0.1505 0.2823 0.2772 0.2791
80.0 0.0000 0.0104 0.1496 0.2828 0.2776 0.2796
81.0 0.0000 0.0100 0.1487 0.2833 0.2781 0.2800
82.0 0.0000 0.0096 0.1478 0.2837 0.2785 0.2804
83.0 0.0000 0.0092 0.1468 0.2842 0.2789 0.2808
84.0 0.0000 0.0089 0.1459 0.2847 0.2793 0.2812
85.0 0.0000 0.0085 0.1450 0.2851 0.2797 0.2816
86.0 0.0000 0.0082 0.1441 0.2856 0.2801 0.2820
87.0 0.0000 0.0079 0.1432 0.2860 0.2804 0.2824
88.0 0.0000 0.0076 0.1423 0.2865 0.2808 0.2828
89.0 0.0000 0.0073 0.1414 0.2869 0.2812 0.2832
90.0 0.0000 0.0070 0.1405 0.2873 0.2816 0.2836
91.0 0.0000 0.0067 0.1396 0.2877 0.2819 0.2840
92.0 0.0000 0.0065 0.1387 0.2882 0.2823 0.2843
93.0 0.0000 0.0062 0.1378 0.2886 0.2827 0.2847
94.0 0.0000 0.0060 0.1369 0.2890 0.2830 0.2851
95.0 0.0000 0.0058 0.1361 0.2894 0.2834 0.2854
96.0 0.0000 0.0055 0.1352 0.2898 0.2837 0.2858
97.0 0.0000 0.0053 0.1343 0.2902 0.2841 0.2861
98.0 0.0000 0.0051 0.1334 0.2906 0.2844 0.2865
99.0 0.0000 0.0049 0.1326 0.2910 0.2847 0.2868
100.0 0.0000 0.0047 0.1317 0.2914 0.2851 0.2872
101.0 0.0000 0.0045 0.1309 0.2917 0.2854 0.2875
102.0 0.0000 0.0044 0.1300 0.2921 0.2857 0.2878
103.0 0.0000 0.0042 0.1292 0.2925 0.2860 0.2881
104.0 0.0000 0.0040 0.1283 0.2928 0.2863 0.2885
105.0 0.0000 0.0039 0.1275 0.2932 0.2867 0.2888
106.0 0.0000 0.0037 0.1266 0.2936 0.2870 0.2891
107.0 0.0000 0.0036 0.1258 0.2939 0.2873 0.2894
108.0 0.0000 0.0034 0.1250 0.2943 0.2876 0.2897
109.0 0.0000 0.0033 0.1241 0.2946 0.2879 0.2900
110.0 0.0000 0.0032 0.1233 0.2950 0.2882 0.2904
111.0 0.0000 0.0031 0.1225 0.2953 0.2885 0.2907
112.0 0.0000 0.0029 0.1217 0.2957 0.2888 0.2910
113.0 0.0000 0.0028 0.1209 0.2960 0.2891 0.2912
114.0 0.0000 0.0027 0.1201 0.2964 0.2893 0.2915
115.0 0.0000 0.0026 0.1192 0.2967 0.2896 0.2918
116.0 0.0000 0.0025 0.1184 0.2970 0.2899 0.2921
117.0 0.0000 0.0024 0.1177 0.2973 0.2902 0.2924
118.0 0.0000 0.0023 0.1169 0.2977 0.2905 0.2927
119.0 0.0000 0.0022 0.1161 0.2980 0.2907 0.2930
120.0 0.0000 0.0021 0.1153 0.2983 0.2910 0.2932
121.0 0.0000 0.0021 0.1145 0.2986 0.2913 0.2935
122.0 0.0000 0.0020 0.1137 0.2989 0.2915 0.2938
123.0 0.0000 0.0019 0.1130 0.2993 0.2918 0.2941
124.0 0.0000 0.0018 0.1122 0.2996 0.2921 0.2943
125.0 0.0000 0.0017 0.1115 0.2999 0.2923 0.2946
126.0 0.0000 0.0017 0.1107 0.3002 0.2926 0.2949
127.0 0.0000 0.0016 0.1099 0.3005 0.2928 0.2951
128.0 0.0000 0.0016 0.1092 0.3008 0.2931 0.2954
129.0 0.0000 0.0015 0.1085 0.3011 0.2933 0.2956
130.0 0.0000 0.0014 0.1077 0.3014 0.2936 0.2959
131.0 0.0000 0.0014 0.1070 0.3017 0.2938 0.2961
132.0 0.0000 0.0013 0.1062 0.3019 0.2941 0.2964
133.0 0.0000 0.0013 0.1055 0.3022 0.2943 0.2966
134.0 0.0000 0.0012 0.1048 0.3025 0.2946 0.2969
135.0 0.0000 0.0012 0.1041 0.3028 0.2948 0.2971
136.0 0.0000 0.0011 0.1034 0.3031 0.2950 0.2974
137.0 0.0000 0.0011 0.1027 0.3034 0.2953 0.2976
138.0 0.0000 0.0010 0.1019 0.3036 0.2955 0.2979
139.0 0.0000 0.0010 0.1012 0.3039 0.2958 0.2981
140.0 0.0000 0.0010 0.1005 0.3042 0.2960 0.2983
141.0 0.0000 0.0009 0.0999 0.3045 0.2962 0.2986
142.0 0.0000 0.0009 0.0992 0.3047 0.2964 0.2988
143.0 0.0000 0.0009 0.0985 0.3050 0.2967 0.2990
144.0 0.0000 0.0008 0.0978 0.3052 0.2969 0.2993
145.0 0.0000 0.0008 0.0971 0.3055 0.2971 0.2995
146.0 0.0000 0.0008 0.0964 0.3058 0.2973 0.2997
147.0 0.0000 0.0007 0.0958 0.3060 0.2975 0.2999
148.0 0.0000 0.0007 0.0951 0.3063 0.2978 0.3001
149.0 0.0000 0.0007 0.0944 0.3065 0.2980 0.3004
150.0 0.0000 0.0006 0.0938 0.3068 0.2982 0.3006
151.0 0.0000 0.0006 0.0931 0.3070 0.2984 0.3008
152.0 0.0000 0.0006 0.0925 0.3073 0.2986 0.3010
153.0 0.0000 0.0006 0.0918 0.3075 0.2988 0.3012
154.0 0.0000 0.0005 0.0912 0.3078 0.2990 0.3014
155.0 0.0000 0.0005 0.0906 0.3080 0.2992 0.3016
156.0 0.0000 0.0005 0.0899 0.3083 0.2994 0.3019
157.0 0.0000 0.0005 0.0893 0.3085 0.2996 0.3021
158.0 0.0000 0.0005 0.0887 0.3088 0.2998 0.3023
159.0 0.0000 0.0004 0.0881 0.3090 0.3000 0.3025
160.0 0.0000 0.0004 0.0874 0.3092 0.3002 0.3027
161.0 0.0000 0.0004 0.0868 0.3095 0.3004 0.3029
162.0 0.0000 0.0004 0.0862 0.3097 0.3006 0.3031
163.0 0.0000 0.0004 0.0856 0.3099 0.3008 0.3033
164.0 0.0000 0.0004 0.0850 0.3101 0.3010 0.3035
165.0 0.0000 0.0004 0.0844 0.3104 0.3012 0.3037
166.0 0.0000 0.0003 0.0838 0.3106 0.3014 0.3039
167.0 0.0000 0.0003 0.0832 0.3108 0.3016 0.3040
168.0 0.0000 0.0003 0.0826 0.3110 0.3018 0.3042
169.0 0.0000 0.0003 0.0821 0.3113 0.3019 0.3044
170.0 0.0000 0.0003 0.0815 0.3115 0.3021 0.3046
171.0 0.0000 0.0003 0.0809 0.3117 0.3023 0.3048
172.0 0.0000 0.0003 0.0803 0.3119 0.3025 0.3050
173.0 0.0000 0.0003 0.0798 0.3121 0.3027 0.3052
174.0 0.0000 0.0002 0.0792 0.3124 0.3028 0.3054
175.0 0.0000 0.0002 0.0786 0.3126 0.3030 0.3055
176.0 0.0000 0.0002 0.0781 0.3128 0.3032 0.3057
177.0 0.0000 0.0002 0.0775 0.3130 0.3034 0.3059
178.0 0.0000 0.0002 0.0770 0.3132 0.3036 0.3061
179.0 0.0000 0.0002 0.0764 0.3134 0.3037 0.3062
180.0 0.0000 0.0002 0.0759 0.3136 0.3039 0.3064
181.0 0.0000 0.0002 0.0753 0.3138 0.3041 0.3066
182.0 0.0000 0.0002 0.0748 0.3140 0.3042 0.3068
183.0 0.0000 0.0002 0.0743 0.3142 0.3044 0.3069
184.0 0.0000 0.0002 0.0737 0.3144 0.3046 0.3071
185.0 0.0000 0.0002 0.0732 0.3146 0.3047 0.3073
186.0 0.0000 0.0002 0.0727 0.3148 0.3049 0.3075
187.0 0.0000 0.0001 0.0722 0.3150 0.3051 0.3076
188.0 0.0000 0.0001 0.0717 0.3152 0.3052 0.3078
189.0 0.0000 0.0001 0.0712 0.3154 0.3054 0.3079
190.0 0.0000 0.0001 0.0706 0.3156 0.3055 0.3081
191.0 0.0000 0.0001 0.0701 0.3158 0.3057 0.3083
192.0 0.0000 0.0001 0.0696 0.3159 0.3059 0.3084
193.0 0.0000 0.0001 0.0691 0.3161 0.3060 0.3086
194.0 0.0000 0.0001 0.0686 0.3163 0.3062 0.3088
195.0 0.0000 0.0001 0.0682 0.3165 0.3063 0.3089
196.0 0.0000 0.0001 0.0677 0.3167 0.3065 0.3091
197.0 0.0000 0.0001 0.0672 0.3169 0.3066 0.3092
198.0 0.0000 0.0001 0.0667 0.3171 0.3068 0.3094
199.0 0.0000 0.0001 0.0662 0.3172 0.3069 0.3095
200.0 0.0000 0.0001 0.0657 0.3174 0.3071 0.3097
201.0 0.0000 0.0001 0.0653 0.3176 0.3072 0.3098
202.0 0.0000 0.0001 0.0648 0.3178 0.3074 0.3100
203.0 0.0000 0.0001 0.0643 0.3179 0.3075 0.3101
204.0 0.0000 0.0001 0.0639 0.3181 0.3077 0.3103
205.0 0.0000 0.0001 0.0634 0.3183 0.3078 0.3104
206.0 0.0000 0.0001 0.0630 0.3185 0.3080 0.3106
207.0 0.0000 0.0001 0.0625 0.3186 0.3081 0.3107
208.0 0.0000 0.0001 0.0620 0.3188 0.3082 0.3109
209.0 0.0000 0.0001 0.0616 0.3190 0.3084 0.3110
210.0 0.0000 0.0001 0.0612 0.3191 0.3085 0.3111
211.0 0.0000 0.0001 0.0607 0.3193 0.3086 0.3113
212.0 0.0000 0.0001 0.0603 0.3195 0.3088 0.3114
213.0 0.0000 0.0001 0.0598 0.3196 0.3089 0.3116
214.0 0.0000 0.0000 0.0594 0.3198 0.3091 0.3117
215.0 0.0000 0.0000 0.0590 0.3199 0.3092 0.3118
216.0 0.0000 0.0000 0.0586 0.3201 0.3093 0.3120
217.0 0.0000 0.0000 0.0581 0.3203 0.3095 0.3121
218.0 0.0000 0.0000 0.0577 0.3204 0.3096 0.3122
219.0 0.0000 0.0000 0.0573 0.3206 0.3097 0.3124
220.0 0.0000 0.0000 0.0569 0.3207 0.3098 0.3125
221.0 0.0000 0.0000 0.0565 0.3209 0.3100 0.3126
222.0 0.0000 0.0000 0.0560 0.3210 0.3101 0.3128
223.0 0.0000 0.0000 0.0556 0.3212 0.3102 0.3129
224.0 0.0000 0.0000 0.0552 0.3213 0.3104 0.3130
225.0 0.0000 0.0000 0.0548 0.3215 0.3105 0.3132
226.0 0.0000 0.0000 0.0544 0.3216 0.3106 0.3133
227.0 0.0000 0.0000 0.0540 0.3218 0.3107 0.3134
228.0 0.0000 0.0000 0.0536 0.3219 0.3109 0.3135
229.0 0.0000 0.0000 0.0533 0.3221 0.3110 0.3137
230.0 0.0000 0.0000 0.0529 0.3222 0.3111 0.3138
231.0 0.0000 0.0000 0.0525 0.3224 0.3112 0.3139
232.0 0.0000 0.0000 0.0521 0.3225 0.3113 0.3140
233.0 0.0000 0.0000 0.0517 0.3227 0.3115 0.3142
234.0 0.0000 0.0000 0.0513 0.3228 0.3116 0.3143
235.0 0.0000 0.0000 0.0510 0.3229 0.3117 0.3144
236.0 0.0000 0.0000 0.0506 0.3231 0.3118 0.3145
237.0 0.0000 0.0000 0.0502 0.3232 0.3119 0.3146
238.0 0.0000 0.0000 0.0499 0.3233 0.3120 0.3147
239.0 0.0000 0.0000 0.0495 0.3235 0.3121 0.3149
240.0 0.0000 0.0000 0.0491 0.3236 0.3123 0.3150
241.0 0.0000 0.0000 0.0488 0.3238 0.3124 0.3151
242.0 0.0000 0.0000 0.0484 0.3239 0.3125 0.3152
243.0 0.0000 0.0000 0.0481 0.3240 0.3126 0.3153
244.0 0.0000 0.0000 0.0477 0.3242 0.3127 0.3154
245.0 0.0000 0.0000 0.0474 0.3243 0.3128 0.3155
246.0 0.0000 0.0000 0.0470 0.3244 0.3129 0.3156
247.0 0.0000 0.0000 0.0467 0.3245 0.3130 0.3158
248.0 0.0000 0.0000 0.0463 0.3247 0.3131 0.3159
249.0 0.0000 0.0000 0.0460 0.3248 0.3132 0.3160
