i r tft rl num fbm tom
0.0 0.1667 0.1667 0.1667 0.1667 0.1667 0.1667
1.0 0.1234 0.1307 0.1864 0.1829 0.1882 0.1883
2.0 0.0879 0.0986 0.2034 0.1943 0.2079 0.2080
3.0 0.0604 0.0718 0.2170 0.2005 0.2250 0.2252
4.0 0.0404 0.0508 0.2273 0.2022 0.2395 0.2398
5.0 0.0264 0.0352 0.2346 0.2002 0.2516 0.2520
6.0 0.0170 0.0239 0.2397 0.1956 0.2617 0.2622
7.0 0.0108 0.0161 0.2429 0.1892 0.2701 0.2708
8.0 0.0068 0.0107 0.2450 0.1819 0.2774 0.2782
9.0 0.0043 0.0071 0.2461 0.1740 0.2838 0.2847
10.0 0.0027 0.0047 0.2465 0.1660 0.2895 0.2906
11.0 0.0017 0.0031 0.2466 0.1579 0.2948 0.2960
12.0 0.0010 0.0020 0.2463 0.1501 0.2996 0.3010
13.0 0.0006 0.0013 0.2458 0.1424 0.3041 0.3057
14.0 0.0004 0.0009 0.2451 0.1351 0.3084 0.3101
15.0 0.0002 0.0006 0.2443 0.1280 0.3125 0.3143
16.0 0.0002 0.0004 0.2434 0.1213 0.3164 0.3184
17.0 0.0001 0.0002 0.2424 0.1149 0.3201 0.3223
18.0 0.0001 0.0002 0.2414 0.1088 0.3236 0.3260
19.0 0.0000 0.0001 0.2403 0.1029 0.3270 0.3296
20.0 0.0000 0.0001 0.2391 0.0974 0.3303 0.3330
21.0 0.0000 0.0000 0.2380 0.0922 0.3335 0.3364
22.0 0.0000 0.0000 0.2367 0.0872 0.3365 0.3396
23.0 0.0000 0.0000 0.2355 0.0824 0.3394 0.3427
24.0 0.0000 0.0000 0.2342 0.0780 0.3422 0.3456
25.0 0.0000 0.0000 0.2329 0.0737 0.3449 0.3485
26.0 0.0000 0.0000 0.2315 0.0697 0.3475 0.3513
27.0 0.0000 0.0000 0.2302 0.0659 0.3500 0.3540
28.0 0.0000 0.0000 0.2288 0.0622 0.3523 0.3566
29.0 0.0000 0.0000 0.2274 0.0588 0.3547 0.3591
30.0 0.0000 0.0000 0.2261 0.0556 0.3569 0.3615
31.0 0.0000 0.0000 0.2247 0.0525 0.3590 0.3638
32.0 0.0000 0.0000 0.2232 0.0496 0.3611 0.3661
33.0 0.0000 0.0000 0.2218 0.0469 0.3630 0.3683
34.0 0.0000 0.0000 0.2204 0.0443 0.3649 0.3704
35.0 0.0000 0.0000 0.2190 0.0418 0.3668 0.3724
36.0 0.0000 0.0000 0.2175 0.0395 0.3686 0.3744
37.0 0.0000 0.0000 0.2161 0.0373 0.3703 0.3763
38.0 0.0000 0.0000 0.2147 0.0352 0.3719 0.3782
39.0 0.0000 0.0000 0.2132 0.0333 0.3735 0.3800
40.0 0.0000 0.0000 0.2118 0.0314 0.3750 0.3817
41.0 0.0000 0.0000 0.2104 0.0297 0.3765 0.3834
42.0 0.0000 0.0000 0.2090 0.0280 0.3780 0.3851
43.0 0.0000 0.0000 0.2075 0.0264 0.3793 0.3867
44.0 0.0000 0.0000 0.2061 0.0250 0.3807 0.3882
45.0 0.0000 0.0000 0.2047 0.0236 0.3820 0.3898
46.0 0.0000 0.0000 0.2033 0.0222 0.3832 0.3912
47.0 0.0000 0.0000 0.2019 0.0210 0.3844 0.3927
48.0 0.0000 0.0000 0.2005 0.0198 0.3856 0.3941
49.0 0.0000 0.0000 0.1991 0.0187 0.3868 0.3954
50.0 0.0000 0.0000 0.1977 0.0177 0.3879 0.3968
51.0 0.0000 0.0000 0.1963 0.0167 0.3889 0.3981
52.0 0.0000 0.0000 0.1950 0.0157 0.3900 0.3993
53.0 0.0000 0.0000 0.1936 0.0149 0.3910 0.4006
54.0 0.0000 0.0000 0.1923 0.0140 0.3920 0.4018
55.0 0.0000 0.0000 0.1909 0.0132 0.3929 0.4029
56.0 0.0000 0.0000 0.1896 0.0125 0.3938 0.4041
57.0 0.0000 0.0000 0.1882 0.0118 0.3947 0.4052
58.0 0.0000 0.0000 0.1869 0.0111 0.3956 0.4063
59.0 0.0000 0.0000 0.1856 0.0105 0.3965 0.4074
60.0 0.0000 0.0000 0.1843 0.0099 0.3973 0.4085
61.0 0.0000 0.0000 0.1830 0.0094 0.3981 0.4095
62.0 0.0000 0.0000 0.1817 0.0088 0.3989 0.4105
63.0 0.0000 0.0000 0.1805 0.0083 0.3997 0.4115
64.0 0.0000 0.0000 0.1792 0.0079 0.4004 0.4125
65.0 0.0000 0.0000 0.1779 0.0074 0.4012 0.4135
66.0 0.0000 0.0000 0.1767 0.0070 0.4019 0.4144
67.0 0.0000 0.0000 0.1754 0.0066 0.4026 0.4154
68.0 0.0000 0.0000 0.1742 0.0062 0.4033 0.4163
69.0 0.0000 0.0000 0.1730 0.0059 0.4039 0.4172
70.0 0.0000 0.0000 0.1718 0.0056 0.4046 0.4181
71.0 0.0000 0.0000 0.1706 0.0052 0.4052 0.4190
72.0 0.0000 0.0000 0.1694 0.0049 0.4058 0.4198
73.0 0.0000 0.0000 0.1682 0.0047 0.4065 0.4207
74.0 0.0000 0.0000 0.1670 0.0044 0.4071 0.4215
75.0 0.0000 0.0000 0.1659 0.0042 0.4076 0.4223
76.0 0.0000 0.0000 0.1647 0.0039 0.4082 0.4231
77.0 0.0000 0.0000 0.1636 0.0037 0.4088 0.4239
78.0 0.0000 0.0000 0.1624 0.0035 0.4093 0.4247
79.0 0.0000 0.0000 0.1613 0.0033 0.4099 0.4255
80.0 0.0000 0.0000 0.1602 0.0031 0.4104 0.4263
81.0 0.0000 0.0000 0.1591 0.0029 0.4109 0.4271
82.0 0.0000 0.0000 0.1580 0.0028 0.4114 0.4278
83.0 0.0000 0.0000 0.1569 0.0026 0.4119 0.4286
84.0 0.0000 0.0000 0.1558 0.0025 0.4124 0.4293
85.0 0.0000 0.0000 0.1547 0.0023 0.4129 0.4300
86.0 0.0000 0.0000 0.1537 0.0022 0.4134 0.4307
87.0 0.0000 0.0000 0.1526 0.0021 0.4139 0.4315
88.0 0.0000 0.0000 0.1516 0.0020 0.4143 0.4322
89.0 0.0000 0.0000 0.1505 0.0018 0.4148 0.4329
90.0 0.0000 0.0000 0.1495 0.0017 0.4152 0.4335
91.0 0.0000 0.0000 0.1485 0.0016 0.4156 0.4342
92.0 0.0000 0.0000 0.1475 0.0015 0.4161 0.4349
93.0 0.0000 0.0000 0.1465 0.0015 0.4165 0.4356
94.0 0.0000 0.0000 0.1455 0.0014 0.4169 0.4362
95.0 0.0000 0.0000 0.1445 0.0013 0.4173 0.4369
96.0 0.0000 0.0000 0.1435 0.0012 0.4177 0.4376
97.0 0.0000 0.0000 0.1425 0.0012 0.4181 0.4382
98.0 0.0000 0.0000 0.1416 0.0011 0.4185 0.4388
99.0 0.0000 0.0000 0.1406 0.0010 0.4189 0.4395
100.0 0.0000 0.0000 0.1396 0.0010 0.4193 0.4401
101.0 0.0000 0.0000 0.1387 0.0009 0.4196 0.4407
102.0 0.0000 0.0000 0.1378 0.0009 0.4200 0.4413
103.0 0.0000 0.0000 0.1368 0.0008 0.4204 0.4420
104.0 0.0000 0.0000 0.1359 0.0008 0.4207 0.4426
105.0 0.0000 0.0000 0.1350 0.0007 0.4211 0.4432
106.0 0.0000 0.0000 0.1341 0.0007 0.4214 0.4438
107.0 0.0000 0.0000 0.1332 0.0006 0.4218 0.4444
108.0 0.0000 0.0000 0.1323 0.0006 0.4221 0.4450
109.0 0.0000 0.0000 0.1314 0.0006 0.4224 0.4455
110.0 0.0000 0.0000 0.1306 0.0005 0.4228 0.4461
111.0 0.0000 0.0000 0.1297 0.0005 0.4231 0.4467
112.0 0.0000 0.0000 0.1288 0.0005 0.4234 0.4473
113.0 0.0000 0.0000 0.1280 0.0005 0.4237 0.4478
114.0 0.0000 0.0000 0.1271 0.0004 0.4240 0.4484
115.0 0.0000 0.0000 0.1263 0.0004 0.4243 0.4490
116.0 0.0000 0.0000 0.1255 0.0004 0.4246 0.4495
117.0 0.0000 0.0000 0.1246 0.0004 0.4249 0.4501
118.0 0.0000 0.0000 0.1238 0.0003 0.4252 0.4506
119.0 0.0000 0.0000 0.1230 0.0003 0.4255 0.4512
120.0 0.0000 0.0000 0.1222 0.0003 0.4258 0.4517
121.0 0.0000 0.0000 0.1214 0.0003 0.4261 0.4523
122.0 0.0000 0.0000 0.1206 0.0003 0.4263 0.4528
123.0 0.0000 0.0000 0.1198 0.0003 0.4266 0.4533
124.0 0.0000 0.0000 0.1190 0.0002 0.4269 0.4539
125.0 0.0000 0.0000 0.1183 0.0002 0.4271 0.4544
126.0 0.0000 0.0000 0.1175 0.0002 0.4274 0.4549
127.0 0.0000 0.0000 0.1167 0.0002 0.4277 0.4554
128.0 0.0000 0.0000 0.1160 0.0002 0.4279 0.4559
129.0 0.0000 0.0000 0.1152 0.0002 0.4282 0.4565
130.0 0.0000 0.0000 0.1145 0.0002 0.4284 0.4570
131.0 0.0000 0.0000 0.1137 0.0002 0.4286 0.4575
132.0 0.0000 0.0000 0.1130 0.0002 0.4289 0.4580
133.0 0.0000 0.0000 0.1123 0.0001 0.4291 0.4585
134.0 0.0000 0.0000 0.1115 0.0001 0.4294 0.4590
135.0 0.0000 0.0000 0.1108 0.0001 0.4296 0.4595
136.0 0.0000 0.0000 0.1101 0.0001 0.4298 0.4600
137.0 0.0000 0.0000 0.1094 0.0001 0.4300 0.4605
138.0 0.0000 0.0000 0.1087 0.0001 0.4303 0.4609
139.0 0.0000 0.0000 0.1080 0.0001 0.4305 0.4614
140.0 0.0000 0.0000 0.1073 0.0001 0.4307 0.4619
141.0 0.0000 0.0000 0.1066 0.0001 0.4309 0.4624
142.0 0.0000 0.0000 0.1059 0.0001 0.4311 0.4629
143.0 0.0000 0.0000 0.1053 0.0001 0.4313 0.4633
144.0 0.0000 0.0000 0.1046 0.0001 0.4315 0.4638
145.0 0.0000 0.0000 0.1039 0.0001 0.4317 0.4643
146.0 0.0000 0.0000 0.1033 0.0001 0.4319 0.4647
147.0 0.0000 0.0000 0.1026 0.0001 0.4321 0.4652
148.0 0.0000 0.0000 0.1020 0.0001 0.4323 0.4657
149.0 0.0000 0.0000 0.1013 0.0001 0.4325 0.4661
150.0 0.0000 0.0000 0.1007 0.0001 0.4327 0.4666
151.0 0.0000 0.0000 0.1001 0.0001 0.4329 0.4670
152.0 0.0000 0.0000 0.0994 0.0000 0.4330 0.4675
153.0 0.0000 0.0000 0.0988 0.0000 0.4332 0.4679
154.0 0.0000 0.0000 0.0982 0.0000 0.4334 0.4684
155.0 0.0000 0.0000 0.0976 0.0000 0.4336 0.4688
156.0 0.0000 0.0000 0.0970 0.0000 0.4337 0.4693
157.0 0.0000 0.0000 0.0964 0.0000 0.4339 0.4697
158.0 0.0000 0.0000 0.0958 0.0000 0.4341 0.4701
159.0 0.0000 0.0000 0.0952 0.0000 0.4342 0.4706
160.0 0.0000 0.0000 0.0946 0.0000 0.4344 0.4710
161.0 0.0000 0.0000 0.0940 0.0000 0.4346 0.4714
162.0 0.0000 0.0000 0.0934 0.0000 0.4347 0.4719
163.0 0.0000 0.0000 0.0928 0.0000 0.4349 0.4723
164.0 0.0000 0.0000 0.0922 0.0000 0.4350 0.4727
165.0 0.0000 0.0000 0.0917 0.0000 0.4352 0.4731
166.0 0.0000 0.0000 0.0911 0.0000 0.4353 0.4736
167.0 0.0000 0.0000 0.0905 0.0000 0.4355 0.4740
168.0 0.0000 0.0000 0.0900 0.0000 0.4356 0.4744
169.0 0.0000 0.0000 0.0894 0.0000 0.4357 0.4748
170.0 0.0000 0.0000 0.0889 0.0000 0.4359 0.4752
171.0 0.0000 0.0000 0.0883 0.0000 0.4360 0.4756
172.0 0.0000 0.0000 0.0878 0.0000 0.4362 0.4760
173.0 0.0000 0.0000 0.0873 0.0000 0.4363 0.4765
174.0 0.0000 0.0000 0.0867 0.0000 0.4364 0.4769
175.0 0.0000 0.0000 0.0862 0.0000 0.4365 0.4773
176.0 0.0000 0.0000 0.0857 0.0000 0.4367 0.4777
177.0 0.0000 0.0000 0.0851 0.0000 0.4368 0.4781
178.0 0.0000 0.0000 0.0846 0.0000 0.4369 0.4785
179.0 0.0000 0.0000 0.0841 0.0000 0.4370 0.4789
180.0 0.0000 0.0000 0.0836 0.0000 0.4371 0.4792
181.0 0.0000 0.0000 0.0831 0.0000 0.4373 0.4796
182.0 0.0000 0.0000 0.0826 0.0000 0.4374 0.4800
183.0 0.0000 0.0000 0.0821 0.0000 0.4375 0.4804
184.0 0.0000 0.0000 0.0816 0.0000 0.4376 0.4808
185.0 0.0000 0.0000 0.0811 0.0000 0.4377 0.4812
186.0 0.0000 0.0000 0.0806 0.0000 0.4378 0.4816
187.0 0.0000 0.0000 0.0801 0.0000 0.4379 0.4820
188.0 0.0000 0.0000 0.0796 0.0000 0.4380 0.4823
189.0 0.0000 0.0000 0.0791 0.0000 0.4381 0.4827
190.0 0.0000 0.0000 0.0787 0.0000 0.4382 0.4831
191.0 0.0000 0.0000 0.0782 0.0000 0.4383 0.4835
192.0 0.0000 0.0000 0.0777 0.0000 0.4384 0.4839
193.0 0.0000 0.0000 0.0773 0.0000 0.4385 0.4842
194.0 0.0000 0.0000 0.0768 0.0000 0.4386 0.4846
195.0 0.0000 0.0000 0.0763 0.0000 0.4387 0.4850
196.0 0.0000 0.0000 0.0759 0.0000 0.4388 0.4853
197.0 0.0000 0.0000 0.0754 0.0000 0.4389 0.4857
198.0 0.0000 0.0000 0.0750 0.0000 0.4389 0.4861
199.0 0.0000 0.0000 0.0745 0.0000 0.4390 0.4864
200.0 0.0000 0.0000 0.0741 0.0000 0.4391 0.4868
201.0 0.0000 0.0000 0.0737 0.0000 0.4392 0.4872
202.0 0.0000 0.0000 0.0732 0.0000 0.4393 0.4875
203.0 0.0000 0.0000 0.0728 0.0000 0.4393 0.4879
204.0 0.0000 0.0000 0.0723 0.0000 0.4394 0.4882
205.0 0.0000 0.0000 0.0719 0.0000 0.4395 0.4886
206.0 0.0000 0.0000 0.0715 0.0000 0.4396 0.4889
207.0 0.0000 0.0000 0.0711 0.0000 0.4396 0.4893
208.0 0.0000 0.0000 0.0707 0.0000 0.4397 0.4896
209.0 0.0000 0.0000 0.0702 0.0000 0.4398 0.4900
210.0 0.0000 0.0000 0.0698 0.0000 0.4398 0.4903
211.0 0.0000 0.0000 0.0694 0.0000 0.4399 0.4907
212.0 0.0000 0.0000 0.0690 0.0000 0.4400 0.4910
213.0 0.0000 0.0000 0.0686 0.0000 0.4400 0.4914
214.0 0.0000 0.0000 0.0682 0.0000 0.4401 0.4917
215.0 0.0000 0.0000 0.0678 0.0000 0.4401 0.4921
216.0 0.0000 0.0000 0.0674 0.0000 0.4402 0.4924
217.0 0.0000 0.0000 0.0670 0.0000 0.4403 0.4927
218.0 0.0000 0.0000 0.0666 0.0000 0.4403 0.4931
219.0 0.0000 0.0000 0.0662 0.0000 0.4404 0.4934
220.0 0.0000 0.0000 0.0658 0.0000 0.4404 0.4937
221.0 0.0000 0.0000 0.0655 0.0000 0.4405 0.4941
222.0 0.0000 0.0000 0.0651 0.0000 0.4405 0.4944
223.0 0.0000 0.0000 0.0647 0.0000 0.4406 0.4947
224.0 0.0000 0.0000 0.0643 0.0000 0.4406 0.4951
225.0 0.0000 0.0000 0.0639 0.0000 0.4407 0.4954
226.0 0.0000 0.0000 0.0636 0.0000 0.4407 0.4957
227.0 0.0000 0.0000 0.0632 0.0000 0.4407 0.4961
228.0 0.0000 0.0000 0.0628 0.0000 0.4408 0.4964
229.0 0.0000 0.0000 0.0625 0.0000 0.4408 0.4967
230.0 0.0000 0.0000 0.0621 0.0000 0.4409 0.4970
231.0 0.0000 0.0000 0.0618 0.0000 0.4409 0.4974
232.0 0.0000 0.0000 0.0614 0.0000 0.4409 0.4977
233.0 0.0000 0.0000 0.0610 0.0000 0.4410 0.4980
234.0 0.0000 0.0000 0.0607 0.0000 0.4410 0.4983
235.0 0.0000 0.0000 0.0603 0.0000 0.4410 0.4986
236.0 0.0000 0.0000 0.0600 0.0000 0.4411 0.4990
237.0 0.0000 0.0000 0.0596 0.0000 0.4411 0.4993
238.0 0.0000 0.0000 0.0593 0.0000 0.4411 0.4996
239.0 0.0000 0.0000 0.0590 0.0000 0.4411 0.4999
240.0 0.0000 0.0000 0.0586 0.0000 0.4412 0.5002
241.0 0.0000 0.0000 0.0583 0.0000 0.4412 0.5005
242.0 0.0000 0.0000 0.0580 0.0000 0.4412 0.5008
243.0 0.0000 0.0000 0.0576 0.0000 0.4412 0.5011
244.0 0.0000 0.0000 0.0573 0.0000 0.4413 0.5014
245.0 0.0000 0.0000 0.0570 0.0000 0.4413 0.5018
246.0 0.0000 0.0000 0.0566 0.0000 0.4413 0.5021
247.0 0.0000 0.0000 0.0563 0.0000 0.4413 0.5024
248.0 0.0000 0.0000 0.0560 0.0000 0.4413 0.5027
249.0 0.0000 0.0000 0.0557 0.0000 0.4413 0.5030
